3.34
3.37
4.07
4.01
3.96
3.58
3.16
3.55
3.49
3.69
4.03
3.48
3.57
4.10
3.70
3.02
4.16
3.86
3.40
3.58
3.82
4.06
3.36
4.09
3.84
3.61
4.18
3.97
4.05
4.00
3.74
3.89
3.38
3.84
3.54
3.84
4.03
4.11
3.41
3.63
3.43
3.30
3.49
3.56
3.26
3.38
3.47
3.16
3.79
3.14
3.26
3.72
3.17
3.65
3.45
3.33
3.98
3.77
3.94
3.27
3.10
4.05
3.96
3.61
3.52
3.65
4.06
3.50
3.57
3.81
3.63
3.56
3.23
4.17
3.45
3.48
3.10
3.39
4.01
3.55
3.63
3.56
3.31
3.91
3.41
3.53
3.77
3.49
3.58
3.23
3.61
3.72
3.46
3.31
3.09
3.55
3.40
3.76
3.90
4.17
3.14
3.60
3.64
3.66
3.83
3.90
3.62
3.46
3.76
3.79
3.39
3.44
3.46
3.74
3.94
3.86
3.43
2.97
3.27
4.19
3.42
3.38
3.79
3.76
3.71
3.34
3.84
3.30
2.96
2.96
3.30
3.53
3.41
3.22
3.40
3.85
3.41
3.71
3.20
3.78
3.35
3.60
3.19
3.55
3.20
3.76
3.61
3.25
3.48
4.03
3.62
3.74
3.50
3.72
3.64
3.61
3.97
3.48
2.85
4.18
3.72
1.91
3.35
4.07
3.52
3.64
3.26
3.26
3.86
3.51
2.99
3.60
3.43
3.37
3.33
3.98
2.95
3.54
3.53
3.80
3.71
3.09
3.55
3.19
3.29
3.28
3.53
3.45
4.15
3.55
3.74
3.32
3.59
3.25
3.12
2.94
3.44
3.14
3.23
3.36
3.55
3.19
3.73
3.60
3.11
3.42
3.86
3.31
3.05
3.43
3.92
3.79
3.60
3.61
3.12
2.82
3.42
3.10
4.02
3.77
3.53
3.79
3.41
3.38
3.73
3.65
3.86
3.76
3.29
3.01
3.81
3.25
3.70
3.29
3.41
3.00
3.12
3.54
3.48
3.07
3.47
4.02
3.79
2.75
3.76
3.19
3.39
3.43
3.34
3.40
3.38
3.09
3.78
3.42
3.39
3.54
3.75
3.19
3.04
2.94
3.83
3.01
3.05
3.38
3.14
3.32
3.20
3.00
3.19
3.18
3.55
3.10
3.43
3.42
3.69
4.09
3.24
2.95
2.80
3.04
2.89
3.03
2.66
3.29
2.90
3.49
3.59
3.30
2.94
3.39
3.15
2.75
3.32
2.76
3.03
2.59
2.67
3.10
3.14
3.23
3.67
2.54
2.94
3.19
2.97
3.12
3.43
3.19
3.03
3.29
3.91
3.00
4.09
3.42
3.49
3.22
3.61
2.78
3.40
3.33
3.14
3.22
3.78
2.99
3.56
3.32
3.59
3.64
3.79
2.81
3.02
2.77
3.34
4.15
3.57
3.15
3.42
2.99
3.13
3.22
2.82
3.27
3.80
3.75
3.16
3.89
2.79
3.83
3.36
3.47
3.61
3.50
3.44
3.28
3.17
3.24
3.22
3.18
3.55
4.01
3.94
3.53
3.63
3.69
3.39
3.60
3.28
3.56
3.51
2.95
3.83
3.56
3.30
3.81
3.24
3.38
3.01
3.25
3.30
3.11
3.29
3.37
3.10
3.43
3.62
3.32
3.04
3.54
3.78
3.45
3.29
3.37
2.93
3.49
3.95
3.74
2.91
2.88
3.49
3.14
3.11
3.74
3.41
3.53
3.08
3.49
3.25
3.04
3.77
4.12
3.36
4.07
2.92
3.29
3.40
3.19
3.31
3.55
4.13
3.43
2.52
3.37
3.68
3.76
3.50
3.50
3.68
3.84
4.02
3.87
3.38
3.46
3.63
3.26
3.77
3.22
3.22
3.44
3.50
3.44
3.78
3.40
3.30
3.25
3.51
3.73
3.43
3.59
3.54
3.88
3.43
3.62
2.96
3.15
3.21
3.51
3.45
3.57
3.43
3.17
4.16
4.03
3.83
3.94
3.34
4.06
3.33
3.15
3.56
3.38
3.47
3.32
3.74
3.62
3.18
3.53
3.53
3.50
3.68
3.37
4.17
3.79
4.04
4.02
3.72
4.33
4.15
3.88
3.69
3.45
3.45
3.75
3.84
3.88
3.51
3.58
3.57
3.32
3.11
3.36
3.68
3.61
3.63
3.53
3.91
3.46
3.95
3.33
3.76
4.28
3.59
3.64
3.21
3.13
3.43
2.94
3.27
3.54
2.99
2.94
2.56
2.73
2.32
2.50
2.57
2.60
2.23
2.84
3.07
3.23
2.98
3.08
2.85
3.01
2.53
2.98
2.79
3.53
3.09
2.99
2.94
3.87
1.80
2.44
3.31
3.67
3.76
3.53
2.71
3.45
3.63
2.88
3.23
3.75
3.53
3.44
3.87
3.30
3.06
4.14
4.07
3.67
3.83
3.16
2.70
3.30
4.06
3.63
2.36
2.23
2.60
2.59
2.92
3.66
3.88
3.94
3.34
3.83
2.56
2.86
4.04
3.86
3.69
3.72
3.62
3.72
4.00
2.88
3.29
3.45
3.46
2.85
2.47
2.74
3.46
2.80
3.01
2.76
3.05
3.57
3.45
3.65
3.32
3.94
3.94
4.20
3.92
3.91
4.31
3.50
3.72
3.91
3.61
3.73
3.47
3.99
3.81
3.19
4.12
3.39
4.01
3.16
3.34
3.82
4.09
3.92
4.00
3.62
3.39
3.82
3.65
3.83
3.44
3.26
3.51
3.42
3.61
3.66
3.54
3.56
3.75
4.09
3.79
3.97
4.19
3.58
4.06
3.48
3.55
3.47
3.11
3.66
3.49
3.56
3.83
3.47
3.39
3.62
3.26
3.73
3.87
3.51
4.33
3.77
4.02
4.01
3.46
3.40
3.63
3.83
3.57
3.20
3.46
3.68
3.65
3.67
3.47
3.42
3.31
3.99
3.46
3.75
3.45
3.95
3.19
3.50
3.27
3.56
3.22
3.65
3.55
2.66
3.42
3.74
3.72
3.44
3.89
3.26
3.53
3.84
3.48
3.86
3.25
3.44
3.51
3.68
3.29
3.60
3.71
3.98
3.51
3.71
3.82
3.34
3.08
3.44
3.47
3.17
3.29
3.28
3.17
3.52
3.76
3.06
3.31
3.49
3.49
3.46
3.89
3.57
3.70
3.41
3.56
3.63
3.62
3.33
3.27
3.80
3.39
3.35
3.15
3.20
4.03
3.90
3.00
3.24
3.40
3.82
3.25
3.83
3.75
4.18
3.44
3.17
3.39
3.25
2.79
3.73
3.67
3.66
3.17
3.38
3.77
3.29
3.56
3.55
3.57
3.47
3.32
2.99
3.39
2.96
3.07
4.05
3.71
3.45
3.30
3.43
3.94
2.91
3.79
3.60
3.15
3.57
3.77
3.43
3.17
3.69
3.76
3.27
3.65
3.35
3.73
3.64
3.37
3.26
3.33
3.40
3.01
3.16
3.49
3.25
3.93
3.86
3.84
3.74
3.91
3.70
4.02
4.41
3.55
3.64
3.42
3.39
3.23
3.76
3.52
3.67
3.89
3.50
3.68
3.37
3.63
4.09
3.53
3.52
3.74
3.77
3.68
3.77
3.63
3.65
3.65
3.90
3.84
4.34
3.68
3.29
2.89
3.33
3.20
3.62
3.51
3.60
3.81
3.65
3.64
3.45
4.10
4.20
4.37
3.67
3.65
3.74
3.88
4.01
3.51
3.31
3.88
3.14
3.34
3.91
3.99
3.58
3.46
3.40
3.81
3.30
3.54
3.50
3.62
3.25
3.89
4.18
3.72
3.74
3.55
3.94
3.75
3.57
3.39
3.53
2.88
3.43
2.88
3.99
3.69
3.37
3.68
3.32
3.08
3.43
3.77
3.46
3.24
3.85
3.94
3.79
3.96
3.83
4.36
3.55
3.43
3.68
3.82
3.80
3.40
3.55
3.53
4.06
3.96
4.46
3.48
3.16
3.52
3.99
3.42
2.79
3.60
2.89
3.09
3.55
3.39
3.31
3.16
3.09
3.58
3.56
3.98
3.68
3.53
3.26
3.47
3.71
3.61
3.79
3.78
3.22
3.33
3.82
3.17
4.08
3.82
3.56
4.33
3.15
4.12
4.23
3.69
3.76
3.77
3.55
3.53
3.50
3.12
3.88
3.68
3.88
3.71
3.51
3.11
2.84
3.49
3.22
3.64
3.69
3.42
3.80
3.21
4.12
3.26
3.01
3.57
3.80
3.58
3.12
3.57
3.79
4.05
3.95
3.43
3.85
3.65
3.28
3.44
3.49
3.30
3.50
3.41
4.25
4.35
2.70
3.47
3.31
3.25
3.79
4.68
4.22
3.58
3.63
