1.55
1.63
1.71
1.45
1.44
1.46
1.46
1.50
1.39
1.66
1.34
1.47
1.50
1.47
1.46
1.44
1.38
1.47
1.55
1.19
1.64
1.35
1.76
1.65
1.69
1.48
1.70
1.69
1.60
1.59
1.47
1.58
1.64
1.45
1.30
1.49
1.48
1.46
1.35
1.77
1.78
1.92
1.84
1.92
1.49
1.51
1.44
1.88
1.85
1.85
1.48
1.37
1.42
1.47
1.62
1.66
1.60
1.44
1.52
1.85
1.62
1.59
1.55
1.69
1.38
1.43
1.64
1.62
1.51
1.55
1.60
1.38
1.51
1.47
1.48
1.43
1.42
1.50
1.53
1.59
1.80
1.55
1.66
1.47
1.61
1.67
1.73
1.96
1.40
1.45
1.60
1.60
1.52
1.58
1.64
1.59
1.48
1.61
1.64
1.71
1.69
1.70
1.65
1.44
1.60
1.67
1.68
1.47
1.66
1.52
1.61
1.39
1.77
1.71
1.72
1.56
1.56
1.53
1.54
1.42
1.60
1.40
1.54
1.43
1.54
1.38
1.30
1.56
1.64
1.59
1.40
1.62
1.62
1.71
1.64
1.44
1.69
1.65
1.46
1.33
1.60
1.62
1.58
1.41
1.33
1.60
1.57
1.48
1.59
1.70
1.42
1.48
1.58
1.56
1.62
1.18
1.29
1.22
1.49
1.47
1.64
1.59
1.74
1.66
1.62
1.62
1.62
1.63
1.65
1.66
1.69
1.61
1.69
1.50
1.54
1.62
1.46
1.48
1.51
1.48
1.54
1.48
1.60
1.49
1.56
1.57
1.39
1.55
1.50
1.60
1.55
1.55
1.58
1.59
1.60
1.55
1.52
1.54
1.54
1.44
1.61
1.55
1.35
1.55
1.59
1.67
1.55
1.56
1.44
1.40
1.45
1.57
1.64
1.37
1.53
1.52
1.54
1.48
1.53
1.57
1.53
1.65
1.45
1.53
1.57
1.56
1.57
1.79
1.52
1.59
1.52
1.63
1.49
1.54
1.47
1.45
1.51
1.60
1.61
1.54
1.25
1.23
1.28
1.55
1.31
1.65
1.53
1.62
1.45
1.61
1.39
1.49
1.53
1.42
1.26
1.29
1.32
1.41
1.40
1.48
1.27
1.35
1.59
1.61
1.57
1.58
1.64
1.70
1.52
1.61
1.62
1.50
1.51
1.25
1.53
1.57
1.55
1.45
1.54
1.52
1.30
1.47
1.43
1.51
1.43
0.970
0.991
1.29
1.31
1.19
1.51
1.60
1.37
1.62
1.50
1.55
1.25
1.42
1.42
1.34
1.45
1.44
1.56
1.31
1.45
1.19
1.45
1.43
1.37
1.50
1.39
1.37
1.28
1.50
1.33
1.51
1.47
1.59
1.53
1.43
1.39
1.39
1.45
1.39
1.40
1.31
1.33
1.64
1.59
1.35
1.26
1.42
1.54
1.40
1.54
1.54
1.41
1.43
1.34
1.23
1.53
1.47
1.44
1.45
1.38
1.41
1.43
1.62
1.39
1.64
1.61
1.46
1.28
1.54
1.53
1.55
1.57
1.53
1.31
1.46
1.53
1.53
1.40
1.48
1.52
1.30
1.35
1.42
1.17
1.09
1.11
1.30
1.22
1.66
1.64
1.70
1.49
1.66
1.25
1.32
1.84
1.50
1.47
1.47
1.47
1.51
1.37
1.52
1.37
1.51
1.57
1.38
1.41
1.54
1.51
1.47
1.67
1.51
1.41
1.42
1.40
1.52
1.50
1.38
1.29
1.44
1.44
1.49
1.51
1.51
1.46
1.56
1.55
1.47
1.39
1.35
1.43
1.33
1.52
1.41
1.33
1.44
1.45
1.51
1.57
1.58
1.48
1.50
1.57
1.50
1.42
1.46
1.49
1.45
1.43
1.39
1.40
1.30
1.50
1.43
1.44
1.32
1.50
1.45
1.63
1.72
1.64
1.68
1.36
1.33
1.27
1.23
1.30
1.52
1.18
1.28
1.13
1.48
1.44
1.22
1.35
1.34
1.33
1.41
1.22
1.38
1.51
1.38
1.39
1.41
1.30
1.61
1.49
1.50
1.44
1.24
1.42
1.50
1.64
1.62
1.20
1.30
1.45
1.67
1.52
1.65
1.25
1.36
1.24
1.34
1.30
1.34
1.41
1.55
1.54
1.53
1.34
1.61
1.42
1.54
1.51
1.26
1.37
1.47
1.45
1.41
1.34
1.56
1.45
1.33
1.40
1.50
1.24
1.54
1.53
1.49
1.55
1.39
1.35
1.56
1.35
1.49
1.20
1.42
1.37
1.50
1.34
1.35
1.48
1.80
1.44
1.27
1.71
1.66
1.29
1.52
1.57
1.74
1.47
1.45
1.38
1.67
1.45
1.48
1.55
1.54
1.62
1.53
1.58
1.64
1.66
1.59
1.62
1.63
1.60
1.60
1.48
1.36
1.31
1.55
1.62
1.56
1.36
1.30
1.33
1.63
1.55
1.71
1.56
1.59
1.60
1.63
1.45
1.60
1.62
1.62
1.64
1.58
1.59
1.56
1.68
1.68
1.57
1.62
1.66
1.97
1.47
1.64
1.46
1.54
1.56
1.56
1.64
1.56
1.60
1.52
1.45
1.77
1.74
1.68
1.67
1.66
1.65
1.66
1.63
1.62
1.63
1.45
1.57
1.55
1.45
1.49
1.61
2.00
1.51
1.55
1.48
1.34
1.43
1.36
1.18
1.28
1.44
1.58
1.41
1.71
1.58
1.56
1.50
1.53
1.72
1.32
1.57
1.65
1.65
1.50
1.50
1.54
1.57
1.50
1.45
1.53
1.29
1.29
1.41
1.37
1.57
1.56
1.57
1.40
1.37
1.30
1.31
1.46
1.34
1.27
1.42
1.44
1.23
1.46
1.42
1.68
1.65
1.56
1.56
1.41
1.36
1.27
1.14
1.08
1.38
1.03
1.29
1.18
1.35
1.48
1.40
1.47
1.55
1.40
1.35
1.39
1.48
1.50
1.53
1.62
1.51
1.42
1.33
1.36
1.30
1.14
1.11
1.32
1.07
1.67
1.37
1.20
1.21
1.63
1.16
1.44
1.58
1.57
1.63
1.69
1.39
1.65
1.68
1.23
1.44
1.53
1.49
1.56
1.40
1.71
1.71
1.63
1.77
1.66
1.70
1.65
1.69
1.67
1.54
1.71
1.76
1.51
1.53
1.48
1.36
1.31
1.40
1.65
1.39
1.54
1.34
1.43
1.34
1.47
1.31
1.51
1.18
1.64
1.60
1.56
1.59
1.48
1.65
1.52
1.46
1.28
1.43
1.54
1.49
1.23
1.77
1.20
1.37
1.47
1.38
1.29
1.54
1.43
1.47
1.35
1.53
1.50
1.22
1.38
1.55
1.54
0.803
1.64
1.59
1.51
1.34
1.48
1.71
1.58
1.64
1.57
1.56
1.58
1.56
1.53
1.64
1.54
1.56
1.64
1.60
1.61
1.63
1.62
1.63
1.62
1.61
1.51
1.62
1.63
1.58
1.59
1.56
1.50
1.53
1.48
1.86
1.24
1.55
1.48
1.25
1.40
1.38
1.55
1.49
1.56
1.46
1.29
1.63
1.45
1.52
1.59
1.45
1.58
1.54
1.42
1.61
1.43
1.38
1.48
1.47
1.49
1.51
1.48
1.50
1.58
1.53
1.53
1.57
1.56
1.56
1.60
1.46
1.35
1.48
1.44
1.54
1.52
1.54
1.39
1.36
1.65
1.37
1.58
1.54
1.66
1.59
1.55
1.63
1.48
1.41
1.47
1.49
1.57
1.30
1.29
1.63
1.30
1.37
1.51
1.51
1.36
1.36
1.36
1.51
1.61
1.37
1.31
1.65
1.54
1.05
1.49
1.44
1.57
1.51
1.42
1.47
1.49
1.65
1.55
1.48
1.57
1.53
1.55
1.61
1.34
1.62
1.67
1.66
1.58
1.64
1.71
1.70
1.82
1.79
1.49
1.72
1.63
1.59
1.50
1.71
1.78
1.62
1.68
1.59
1.36
1.63
1.70
1.31
1.24
1.44
1.45
1.41
1.63
1.44
1.68
1.81
1.88
1.78
1.81
1.84
1.80
1.75
1.63
1.65
1.68
1.63
1.61
1.68
1.64
1.76
1.73
1.36
1.40
1.72
1.80
1.75
1.56
1.32
1.31
1.43
1.52
1.36
1.35
1.57
1.75
1.69
1.98
1.14
1.56
1.61
1.47
1.59
1.57
1.58
1.63
1.49
1.50
1.63
1.46
1.53
1.38
1.58
1.76
1.58
1.64
1.49
1.44
1.58
1.45
1.71
1.68
1.67
1.53
1.66
1.40
1.52
1.53
1.59
1.44
1.65
1.47
1.68
1.48
1.65
1.45
1.48
1.54
1.53
1.46
