3.60
4.55
3.66
3.84
3.96
4.27
5.27
4.33
4.46
4.72
4.27
4.56
3.94
4.53
4.04
4.22
4.16
4.45
3.79
3.69
4.14
4.02
3.84
4.60
4.57
4.40
4.38
4.37
3.71
3.63
4.27
4.09
3.69
4.25
4.14
3.76
4.31
4.14
4.35
3.89
4.11
4.68
4.71
4.18
3.86
4.45
3.89
4.11
4.94
3.66
4.06
3.94
4.25
4.38
4.82
4.10
3.77
4.26
3.67
3.58
3.32
3.69
3.94
4.21
4.74
4.23
4.92
3.86
4.48
3.83
4.02
4.12
3.79
4.92
4.09
3.73
4.02
3.54
3.94
3.86
4.33
4.32
4.30
4.52
4.25
3.82
4.19
4.07
4.30
4.25
4.17
4.40
4.28
4.19
4.31
4.73
4.45
4.15
4.34
3.82
4.52
4.99
4.55
4.90
4.18
4.67
4.32
4.32
4.56
4.00
3.50
3.46
4.36
3.66
4.02
3.79
3.95
3.97
4.86
3.84
4.04
4.81
4.12
4.16
4.77
4.57
3.89
3.74
4.05
3.76
3.82
3.96
3.69
4.08
4.47
4.23
3.71
4.08
4.25
4.53
3.66
4.20
4.79
4.86
3.58
2.35
4.17
3.75
3.94
4.30
4.33
4.25
4.02
4.53
4.45
3.95
3.81
3.03
3.51
3.72
3.56
3.99
4.70
3.61
4.22
4.56
4.27
3.77
4.10
4.19
4.13
3.66
4.06
4.01
4.29
3.88
4.46
4.55
4.28
4.08
4.89
3.85
4.05
3.85
4.14
4.71
3.86
3.72
4.22
3.99
4.11
4.36
4.27
3.84
3.70
4.78
4.53
3.76
3.60
3.52
4.58
4.15
4.53
3.78
4.14
4.00
4.72
4.00
3.96
4.34
4.50
3.89
4.45
4.33
4.41
4.15
4.17
4.00
4.36
4.10
4.23
3.79
3.52
4.18
4.36
4.51
4.60
4.32
4.90
4.45
3.71
4.12
4.18
4.07
4.06
3.89
3.64
4.54
4.66
4.39
4.81
5.10
4.57
4.34
4.73
5.19
4.69
4.56
4.29
4.41
4.20
4.33
3.67
4.42
4.20
4.17
4.65
3.83
4.29
4.23
4.26
4.01
4.31
4.15
4.19
4.70
4.45
4.46
4.13
4.94
3.58
4.15
4.38
4.45
3.96
4.44
4.34
4.35
4.27
4.75
3.91
4.31
3.82
3.93
4.47
4.67
4.34
3.26
3.66
4.03
4.40
4.31
4.47
3.68
4.03
3.93
4.56
3.83
4.76
4.33
4.72
3.66
4.63
4.13
3.82
3.75
4.44
3.90
3.84
4.06
4.13
3.47
3.73
3.70
3.80
3.93
3.96
4.03
3.92
3.86
3.79
4.25
4.40
5.16
5.30
5.01
4.76
4.04
4.92
4.66
4.48
4.13
3.90
4.29
4.30
3.28
4.00
4.58
4.68
3.93
5.22
4.29
3.83
4.14
4.50
4.19
3.74
4.67
4.13
3.96
4.13
4.23
4.27
3.99
3.68
3.96
4.32
4.30
4.28
4.48
4.93
4.05
4.58
4.24
3.96
3.76
3.98
3.47
4.23
4.09
3.68
4.29
4.82
4.57
4.74
4.16
4.05
4.90
4.50
4.32
4.43
4.19
4.37
3.70
3.86
4.35
4.32
4.97
4.66
3.93
4.09
3.88
4.27
4.40
4.28
3.60
3.47
3.49
3.66
4.11
3.65
4.90
4.30
4.12
4.61
4.34
4.62
4.39
4.09
4.65
3.65
4.49
4.45
4.53
4.36
4.32
3.92
4.36
4.05
4.33
3.51
3.94
4.29
4.64
3.87
4.59
4.15
4.01
4.58
3.99
4.11
4.01
4.30
4.15
3.72
3.83
3.71
3.85
4.13
4.61
4.29
4.26
4.18
4.34
3.84
3.40
2.79
3.98
4.10
4.15
4.35
4.23
3.91
4.26
3.92
3.90
4.06
4.13
4.03
4.11
4.33
3.86
3.91
3.54
4.13
4.22
3.61
3.85
4.19
3.59
4.17
3.55
4.08
3.74
3.79
4.12
4.01
4.11
4.70
3.92
3.81
3.75
3.99
3.95
3.05
3.88
4.31
3.86
3.94
4.69
4.71
4.03
3.71
3.78
4.03
4.39
3.29
2.59
3.91
4.45
4.39
3.71
3.72
4.38
3.74
4.53
4.16
4.38
3.43
3.36
3.88
4.02
2.95
3.83
4.25
4.33
4.02
4.33
4.04
3.76
3.82
4.37
3.49
4.49
3.90
4.40
4.01
4.15
2.99
4.10
3.69
4.17
3.66
4.64
4.32
3.91
4.46
3.97
3.34
4.11
3.81
3.78
4.39
4.23
4.24
4.13
4.16
4.25
3.95
4.55
4.47
4.04
4.10
4.91
4.91
4.63
4.85
3.79
4.09
4.26
4.23
4.33
4.31
4.14
3.70
4.16
4.26
4.43
4.22
4.79
4.19
4.11
3.88
3.61
3.88
3.66
3.77
4.02
4.55
3.79
3.98
4.30
4.15
3.93
4.82
4.75
4.90
3.92
4.37
3.74
4.14
4.19
4.02
3.65
4.02
3.36
4.23
3.67
4.26
3.66
4.09
4.45
4.38
4.33
4.37
4.28
4.41
4.29
4.90
3.72
4.43
4.31
3.58
4.04
4.63
4.39
3.54
4.26
3.40
3.88
4.36
3.78
4.01
3.80
4.23
4.25
3.54
3.77
4.00
3.86
3.76
4.20
3.62
3.32
3.13
3.74
3.48
3.51
3.71
4.10
4.62
4.08
4.51
3.89
4.13
4.21
4.28
4.56
4.37
4.43
4.45
3.89
3.82
3.47
3.62
3.77
3.24
3.39
4.19
3.59
3.76
3.93
3.55
4.16
4.09
4.36
4.00
4.27
4.67
3.96
4.75
4.59
3.80
3.43
3.95
4.35
3.83
3.79
3.98
3.82
3.97
3.59
4.24
3.89
4.51
4.03
4.18
3.68
3.66
4.17
4.06
4.09
4.28
4.35
4.44
4.50
3.58
4.75
4.16
4.50
4.37
3.32
4.87
4.41
4.52
4.13
3.53
4.91
4.35
4.30
4.36
4.16
4.11
3.79
5.03
3.87
4.41
4.26
4.68
4.07
3.72
4.26
4.34
4.56
4.17
5.05
3.54
4.26
4.26
4.43
3.78
4.57
4.00
4.13
3.88
4.17
4.53
4.43
4.74
3.82
5.08
4.77
4.58
4.87
4.55
4.54
4.23
4.01
3.86
3.84
4.02
4.97
4.04
4.67
4.40
4.67
3.82
4.44
3.93
4.25
4.84
4.83
3.95
4.86
4.44
4.10
4.14
3.71
4.01
3.87
4.23
4.03
4.84
4.63
4.01
4.31
4.02
4.29
4.44
4.46
4.00
4.20
4.20
4.42
4.31
4.63
4.29
4.26
4.11
4.16
4.07
4.74
3.99
4.19
3.53
3.79
4.15
4.31
4.32
4.41
3.72
4.07
3.87
4.09
4.12
3.88
4.53
4.25
3.83
4.36
4.32
4.59
4.74
3.28
4.87
4.09
4.91
4.26
4.49
3.59
4.04
4.26
3.76
4.19
4.30
4.45
4.42
4.69
4.33
4.19
3.79
4.64
4.09
3.89
3.68
4.16
4.08
4.74
4.14
4.03
3.93
4.64
4.42
3.89
4.13
4.57
4.06
4.53
3.80
3.48
3.31
3.58
3.88
3.57
4.30
4.80
4.55
4.24
4.50
4.58
4.56
4.70
3.29
4.35
4.69
4.79
3.94
3.79
3.65
4.53
3.92
3.82
4.55
4.57
3.81
4.60
5.12
4.93
4.03
4.18
4.35
3.84
3.68
3.98
3.77
4.58
4.25
3.68
3.96
3.39
3.94
3.95
4.68
2.79
3.95
4.59
4.64
4.16
3.63
4.41
4.30
4.26
4.02
4.28
4.21
3.84
3.00
3.77
4.20
4.82
3.55
3.96
4.54
4.19
4.06
3.90
4.08
3.86
4.12
4.27
3.79
4.31
4.44
3.83
4.84
3.72
4.00
4.32
4.56
3.06
4.41
3.95
2.86
2.87
3.93
3.79
3.52
4.38
4.48
3.95
4.13
4.91
4.08
4.63
3.90
4.01
4.42
3.94
4.54
4.21
3.93
4.50
3.35
3.51
4.46
4.41
3.99
4.65
3.90
4.95
4.62
4.69
4.39
4.31
4.36
4.04
4.19
3.95
4.34
4.44
4.22
3.36
3.99
4.19
3.92
4.34
3.94
4.19
3.57
3.98
4.24
4.33
4.09
4.08
3.50
3.82
4.22
3.83
3.05
2.97
3.28
3.90
4.74
4.47
3.94
4.16
4.23
3.55
4.06
3.95
