2.83
3.60
4.03
3.62
5.03
4.39
4.39
3.69
4.37
4.06
3.85
3.76
3.86
4.35
4.07
4.54
4.30
3.67
3.89
4.56
3.94
4.97
4.43
3.96
4.28
4.39
3.90
4.47
4.39
3.92
4.14
4.98
4.69
3.99
4.51
4.31
5.11
5.01
3.76
3.70
4.23
4.31
4.60
4.42
3.72
3.45
3.72
4.96
3.93
3.95
3.34
4.52
3.81
4.26
4.31
3.57
4.19
3.74
3.81
3.89
4.55
3.92
4.08
4.34
4.77
4.33
4.84
4.49
4.67
4.08
4.52
3.91
4.41
4.53
4.75
4.50
4.04
3.20
3.62
3.98
4.27
4.25
4.53
4.95
5.19
4.74
4.12
4.97
5.08
5.20
4.12
4.68
4.32
4.35
3.55
4.55
4.42
4.41
4.50
2.80
4.53
3.75
4.16
3.51
4.08
4.78
4.21
3.92
4.74
4.95
3.94
4.40
3.80
4.80
4.96
4.90
4.55
4.62
4.44
4.55
4.20
3.96
4.89
4.31
3.85
3.94
4.36
4.44
4.18
4.09
4.30
4.14
4.80
4.17
4.56
4.30
4.42
4.25
3.94
4.28
4.09
4.07
4.27
4.25
4.22
4.07
3.99
4.05
4.51
4.99
4.48
3.77
2.99
4.60
4.22
4.33
4.27
4.73
3.36
2.79
4.36
4.41
4.62
4.68
4.70
3.94
3.60
3.85
4.65
4.06
4.54
4.00
4.27
3.67
4.25
4.69
4.23
4.42
3.73
4.21
4.27
4.31
3.63
3.82
3.46
2.94
3.68
3.94
3.63
4.75
4.49
4.38
4.55
4.36
4.89
4.94
5.31
4.39
4.34
4.20
4.73
3.58
4.04
4.69
4.53
3.73
4.16
4.16
3.68
4.61
3.97
4.83
3.95
4.66
4.38
3.96
3.69
4.70
4.16
4.64
4.69
4.45
3.88
3.70
3.52
3.98
4.26
4.45
4.67
4.23
5.33
3.76
3.51
3.78
4.44
4.15
3.93
3.99
4.39
4.13
3.69
4.48
4.47
4.07
3.59
3.81
4.29
4.04
4.89
4.80
3.98
4.75
4.25
4.07
3.91
3.93
4.22
3.67
3.98
4.27
3.82
3.97
4.81
3.53
4.39
4.44
3.92
3.75
3.35
3.96
4.19
5.17
5.34
3.68
4.10
3.99
3.71
4.52
4.44
4.85
4.29
4.90
5.01
3.99
4.19
4.26
4.48
4.31
3.82
3.84
4.19
5.17
5.02
4.65
3.54
4.60
4.55
4.66
4.11
4.28
4.34
4.58
4.65
4.64
3.80
4.34
4.32
4.34
4.18
4.18
4.67
4.39
4.97
4.41
3.92
3.88
4.71
3.68
3.41
4.41
4.30
3.81
4.72
5.16
4.78
4.51
3.48
4.32
3.95
4.64
3.98
4.25
4.02
4.71
3.88
3.80
4.72
4.05
4.24
4.32
4.44
3.63
3.82
4.56
5.53
4.90
5.24
4.50
5.19
4.06
4.69
4.29
4.68
4.07
4.21
4.50
4.41
3.54
4.18
3.88
3.96
4.38
4.24
4.34
4.52
4.08
3.80
3.94
4.85
3.94
4.46
4.27
4.83
3.90
4.10
5.29
4.87
5.05
4.83
4.08
5.01
5.21
4.30
4.52
4.32
3.77
4.84
4.34
3.95
3.91
4.51
5.13
4.56
3.72
3.76
3.89
4.57
4.16
4.35
3.70
4.62
4.04
4.06
3.53
4.36
3.84
3.74
3.93
4.18
3.85
3.56
3.42
5.16
3.91
4.43
4.75
3.97
4.42
4.56
4.25
4.65
4.30
4.50
4.94
5.00
3.73
4.31
4.44
3.85
3.90
3.85
4.45
4.16
3.77
4.01
3.83
4.18
3.92
4.69
3.84
4.36
4.38
5.04
4.65
4.73
4.48
4.48
5.03
4.12
4.14
4.80
4.30
4.02
4.15
3.17
2.05
4.39
4.30
3.81
3.81
3.49
4.08
4.06
4.45
5.10
4.48
4.44
4.11
3.56
4.42
3.73
3.81
4.30
4.11
4.25
3.57
3.93
4.04
4.29
3.69
4.79
3.73
4.52
4.00
3.62
4.51
3.66
4.75
3.86
4.54
4.53
4.75
3.87
4.67
4.02
3.55
3.95
4.70
4.48
3.39
3.95
4.23
3.60
4.21
2.80
1.95
4.19
4.10
4.30
4.09
3.59
3.91
4.43
4.04
3.92
4.05
4.44
3.78
4.36
4.44
4.55
4.11
3.98
4.23
3.96
4.73
3.83
4.16
3.95
4.10
3.80
4.36
3.68
4.87
4.38
3.92
4.17
4.48
4.37
4.32
4.32
5.01
4.46
4.63
3.70
4.03
4.70
4.45
4.84
4.04
3.06
4.75
4.47
4.48
4.25
4.00
4.05
4.07
3.58
3.53
3.99
4.73
4.68
3.41
4.16
3.34
4.16
3.82
3.59
3.26
3.67
3.83
4.57
4.23
4.25
5.39
5.13
4.03
4.71
5.67
3.87
4.64
4.57
4.25
5.38
4.51
4.26
4.41
4.74
4.61
4.12
4.15
2.18
4.22
4.03
4.77
4.64
4.57
3.66
4.36
4.17
4.11
4.45
4.49
4.32
4.38
2.89
4.63
4.41
4.46
3.90
3.98
4.12
4.48
4.17
4.58
4.59
4.42
4.74
3.87
4.94
4.27
4.22
4.25
4.34
4.16
4.37
4.39
3.83
4.05
4.24
4.24
4.38
4.06
3.90
4.80
4.71
4.99
4.02
4.35
3.79
3.98
4.72
4.39
3.57
3.95
3.83
4.33
3.96
4.09
3.85
4.48
4.56
4.04
3.80
3.70
4.37
4.76
4.32
4.23
4.29
3.93
4.54
5.18
4.34
4.84
4.19
4.69
4.57
4.34
4.62
4.59
4.01
4.06
5.12
5.15
4.64
3.97
5.23
4.72
4.27
4.43
4.54
5.21
4.84
4.58
3.97
4.24
4.26
4.99
3.52
4.66
4.74
4.65
4.11
4.23
4.05
3.98
4.27
4.06
4.68
4.04
4.02
4.02
4.31
4.39
4.60
4.03
3.77
4.12
4.19
3.86
4.45
3.74
4.92
3.92
3.54
4.21
4.37
3.78
4.87
4.42
3.37
4.35
4.38
4.41
4.45
3.65
3.65
3.84
3.89
4.96
4.74
4.36
4.89
4.28
4.64
5.08
4.34
5.18
4.65
4.59
4.99
3.55
4.33
4.36
3.74
4.12
3.96
3.73
4.08
4.99
4.72
3.57
4.19
3.46
4.45
3.52
4.98
3.85
4.05
3.84
4.30
5.33
4.77
4.92
4.53
3.96
4.29
3.67
3.89
4.26
4.15
4.28
3.98
4.38
4.47
4.01
4.06
3.83
4.32
3.64
4.38
4.83
4.27
3.92
4.28
4.83
3.88
4.53
4.40
3.52
4.37
5.57
4.16
4.07
5.69
4.15
4.08
4.44
4.67
3.55
4.00
3.88
4.25
3.77
4.26
4.03
4.49
4.65
4.70
3.92
3.97
4.10
3.88
3.83
3.51
3.92
2.69
4.41
3.88
4.06
4.46
5.24
4.73
4.35
4.04
4.25
3.75
4.26
3.90
3.92
4.45
4.18
4.23
4.44
4.43
3.63
3.59
3.69
4.53
4.26
4.24
4.32
3.76
3.70
4.47
3.74
4.53
4.52
3.79
4.34
4.05
4.01
4.46
3.96
3.77
3.73
3.66
4.22
3.84
4.97
4.31
3.98
4.51
4.32
4.63
4.36
5.13
3.83
4.07
3.95
3.89
4.04
3.90
4.07
3.66
4.55
3.71
4.34
4.41
4.50
3.68
3.82
3.53
4.21
5.05
4.83
4.73
4.38
4.59
4.74
4.77
4.89
4.16
4.98
4.35
4.33
4.83
4.57
4.46
4.42
4.43
3.73
3.73
3.95
4.37
3.99
4.69
3.95
4.59
2.93
3.33
3.63
5.02
5.51
5.08
4.33
5.10
5.16
4.30
4.41
4.35
4.08
4.80
3.81
4.46
4.51
4.48
3.30
4.82
5.17
4.95
4.52
4.20
3.76
3.77
4.39
3.97
4.37
5.12
4.01
4.00
3.86
4.17
3.71
4.32
4.22
4.23
4.47
4.94
4.43
4.00
4.64
3.93
3.65
3.84
4.10
3.96
3.75
3.99
4.44
4.15
4.01
4.34
4.03
4.10
3.67
4.37
4.22
4.31
4.08
4.93
4.52
3.80
4.34
4.27
4.13
4.24
4.29
3.49
4.38
4.26
4.06
5.20
4.48
4.61
4.64
4.04
3.63
4.51
4.59
4.84
4.03
4.28
4.45
4.35
4.80
4.21
3.94
