3.49
4.10
3.72
4.00
3.97
3.99
3.92
3.76
3.62
3.73
3.48
3.81
3.87
3.65
3.40
3.64
3.97
3.65
3.68
3.37
3.27
3.60
3.50
3.54
3.70
3.84
3.49
2.75
3.27
3.73
3.36
3.94
4.00
3.85
3.32
3.38
3.63
3.40
3.29
3.34
3.41
3.61
3.53
3.49
3.26
2.83
3.46
3.51
3.25
3.53
3.13
2.89
3.08
3.63
3.43
3.11
3.14
3.49
2.91
2.72
3.21
3.07
2.93
3.85
3.17
3.43
3.50
3.44
3.10
3.59
3.59
3.83
3.05
3.67
3.20
3.45
3.33
3.40
3.48
3.50
3.34
3.43
3.51
3.65
3.61
3.40
3.27
3.22
3.48
3.20
3.25
3.66
3.46
3.48
3.47
3.48
3.13
3.64
3.18
3.21
3.15
3.16
3.08
3.28
2.50
3.50
3.43
2.91
2.84
2.88
3.26
3.51
2.90
3.09
3.56
3.49
3.53
3.19
3.50
3.55
3.81
3.42
3.44
3.65
2.93
3.22
3.37
3.02
3.75
3.46
3.45
3.59
3.83
3.26
3.31
3.15
3.35
2.95
3.31
3.10
3.29
3.22
3.34
3.05
3.38
2.97
2.57
3.21
3.39
3.55
2.97
3.36
3.25
3.14
3.61
3.00
3.39
3.42
3.33
3.33
3.52
2.96
3.15
3.09
3.09
3.51
3.57
3.34
4.08
3.56
3.68
3.66
3.41
3.37
3.56
3.36
3.54
3.14
3.38
3.39
3.90
3.19
3.39
3.16
3.22
3.15
3.45
3.48
3.24
3.59
3.56
3.70
3.65
3.49
3.56
3.92
3.48
3.24
3.46
3.74
3.64
2.89
3.36
3.59
3.58
2.91
3.44
2.98
3.14
3.15
3.23
2.89
3.09
3.44
3.37
2.63
2.95
2.89
2.80
2.86
3.42
3.46
3.05
3.05
2.91
3.58
3.39
3.46
3.65
3.13
3.50
3.46
3.38
3.36
3.47
2.67
3.27
3.33
3.47
3.50
3.61
3.71
3.77
3.47
2.72
3.71
3.21
3.36
3.70
3.43
2.83
3.44
3.13
3.16
3.45
3.33
3.49
3.40
3.04
3.68
3.53
3.76
3.31
2.89
3.11
3.27
3.39
3.52
3.60
3.54
3.84
3.64
3.20
3.47
3.53
3.29
2.92
2.60
3.65
3.31
3.31
3.29
3.25
3.11
2.60
3.50
3.47
3.51
3.17
3.53
3.53
3.22
3.29
3.56
3.30
3.54
3.32
3.18
3.78
3.89
3.55
3.84
3.53
3.46
3.81
3.78
3.93
3.64
3.31
3.63
3.65
3.49
3.67
3.29
3.49
3.68
3.81
3.32
3.67
3.81
3.65
3.67
3.84
3.63
3.86
3.81
3.31
3.79
3.19
3.57
3.78
3.42
3.53
3.36
2.71
3.28
3.50
3.43
3.28
3.57
3.50
3.34
3.03
2.57
3.14
3.20
3.05
3.55
2.89
3.41
3.57
3.81
3.75
3.51
2.94
2.98
3.52
2.50
2.26
3.54
3.18
3.57
2.90
3.90
3.36
2.71
2.94
3.42
2.84
2.55
3.12
3.18
3.48
2.93
3.03
3.69
3.35
3.99
3.30
3.59
2.92
3.73
3.45
3.39
3.64
3.12
3.52
3.12
3.41
3.36
3.63
3.01
3.43
3.39
3.23
3.84
2.80
3.37
3.50
3.46
2.80
3.01
3.44
3.23
3.62
3.38
3.25
3.55
3.38
3.56
3.72
3.14
3.75
3.39
3.52
3.68
3.18
3.75
3.19
3.45
3.61
3.67
4.17
3.65
3.56
3.49
3.50
2.98
3.22
3.29
3.48
3.24
3.95
3.42
3.19
3.89
3.56
3.53
3.57
3.64
3.39
3.73
3.27
3.61
3.30
3.63
3.93
3.71
3.34
3.61
3.45
3.49
3.85
3.38
3.29
3.37
3.81
3.45
3.69
3.61
4.08
3.32
3.67
3.55
3.29
2.91
3.23
3.25
2.94
3.27
3.42
3.53
2.70
3.18
2.69
3.35
3.39
3.16
3.54
3.66
3.77
3.19
3.47
3.28
3.65
3.14
3.58
3.32
2.85
3.23
3.32
3.24
3.25
3.93
3.15
3.09
3.51
3.24
3.42
3.33
3.11
3.14
3.12
3.79
3.69
3.94
3.79
3.63
3.29
3.03
3.90
2.99
3.66
3.31
3.60
4.17
3.59
4.16
3.41
3.92
3.87
3.91
3.64
3.96
3.81
4.06
3.71
4.10
3.44
3.53
3.21
3.47
3.49
3.55
3.63
3.63
3.26
3.79
3.50
3.57
3.54
3.56
3.62
3.97
3.41
3.13
3.59
3.43
3.76
3.34
3.54
3.27
3.18
3.37
3.82
3.50
4.19
3.49
3.00
2.27
3.29
2.96
3.23
3.10
3.56
3.28
3.19
3.34
3.30
3.20
3.34
3.56
3.35
3.21
3.37
2.88
3.41
3.56
3.39
4.03
3.51
3.41
3.64
3.68
3.15
3.44
3.76
3.73
2.98
4.04
4.11
3.31
3.40
3.36
3.67
3.80
3.81
3.62
3.45
3.84
3.62
3.19
3.44
3.88
3.86
3.89
3.29
3.42
3.71
3.16
3.77
3.98
3.98
4.16
4.16
3.96
3.91
3.85
3.54
3.67
3.95
4.33
2.97
3.82
3.52
3.75
3.10
3.98
3.26
3.33
3.46
3.37
3.52
3.73
3.51
3.31
3.06
3.43
3.47
3.69
3.23
3.71
3.84
3.99
3.79
4.38
3.71
3.63
3.78
3.36
3.44
3.91
3.81
3.41
3.35
3.69
3.74
3.77
3.65
2.73
3.79
3.18
3.95
3.56
4.12
3.30
2.85
3.05
3.06
3.37
3.38
2.68
3.28
3.12
3.58
3.94
3.01
3.08
3.20
3.21
3.33
3.16
3.37
3.41
3.96
3.60
3.65
3.39
3.57
3.41
3.53
3.94
3.39
3.37
3.39
3.75
3.47
3.38
3.68
3.11
3.38
3.87
3.59
3.57
3.42
3.72
3.62
3.58
3.59
3.86
3.68
3.85
3.88
3.28
3.59
4.09
3.72
3.31
3.94
3.51
3.75
3.49
3.63
4.04
3.74
3.96
3.79
3.86
4.18
4.01
4.20
3.87
3.91
3.37
3.34
3.69
4.32
4.15
3.85
4.28
3.32
4.26
3.97
3.92
3.23
3.22
3.30
3.72
3.51
3.17
3.48
3.66
3.21
3.87
3.46
3.70
3.02
3.56
3.60
3.51
3.70
3.66
3.21
3.45
3.04
3.59
3.27
3.78
4.05
3.55
3.29
3.73
3.26
3.74
3.57
3.78
4.00
3.71
3.20
3.53
3.25
3.85
3.72
3.27
3.78
3.77
3.23
3.48
3.83
3.72
3.36
3.99
3.31
3.14
3.13
4.13
4.01
3.63
3.20
3.55
3.10
3.74
3.03
3.36
3.82
4.17
3.62
3.70
3.41
3.31
3.30
2.62
3.06
3.78
3.97
3.63
3.65
3.47
3.26
3.68
2.40
3.58
3.93
3.30
3.69
3.73
2.76
3.03
3.43
3.84
3.85
3.80
4.10
3.81
4.08
3.94
3.38
3.32
3.56
3.66
3.16
3.10
3.42
3.05
3.89
3.51
3.57
3.70
3.96
4.13
3.57
3.91
4.05
3.37
3.44
3.39
4.04
2.26
2.63
2.90
3.04
3.11
3.06
3.28
3.18
3.44
4.00
3.45
3.43
3.80
3.51
3.96
3.50
3.54
3.54
3.39
3.79
3.38
3.47
3.30
2.90
3.78
3.80
3.70
3.60
3.03
3.35
3.63
3.77
3.64
3.91
3.66
3.41
3.75
3.66
3.72
3.67
3.12
3.74
3.88
3.52
3.23
3.25
3.59
3.30
3.02
3.14
3.85
3.23
3.46
3.49
3.52
3.19
3.47
3.72
3.41
3.01
3.70
3.33
3.32
3.05
2.92
3.50
3.67
3.44
3.46
3.73
3.31
3.32
3.38
4.00
3.45
3.52
3.04
3.58
3.02
2.40
3.21
3.63
3.10
3.76
3.41
3.13
3.19
3.86
3.69
3.32
3.33
3.87
3.54
3.93
3.53
3.81
3.35
3.37
3.61
2.81
2.99
3.21
3.15
2.91
3.32
3.46
3.04
3.04
3.52
3.37
3.23
3.68
3.75
3.22
3.61
3.31
4.07
3.57
2.80
3.60
3.79
3.41
3.49
3.18
3.19
3.67
3.83
3.64
3.35
3.39
3.75
3.66
3.63
2.99
3.22
3.53
3.10
2.73
3.14
1.67
3.59
3.75
3.15
