3.14
3.91
4.48
4.13
3.84
3.97
3.46
3.91
3.73
3.86
3.40
3.55
4.16
3.38
3.90
4.33
4.68
3.89
4.20
3.68
3.74
3.87
3.27
4.32
3.61
3.71
3.92
3.87
3.94
4.49
4.37
4.00
4.02
4.08
4.35
4.16
3.77
3.41
3.73
3.80
3.73
4.36
4.17
4.04
4.31
4.08
3.62
4.03
4.30
4.27
3.85
3.40
3.56
3.65
3.15
3.35
3.65
4.65
4.25
4.08
3.79
4.15
3.87
3.88
3.97
4.18
3.41
4.08
3.78
3.56
3.74
4.35
4.44
4.53
3.32
4.30
4.16
4.47
4.33
4.58
3.83
4.15
3.66
4.35
3.90
3.24
3.92
3.64
4.75
3.37
4.36
4.20
3.95
3.92
3.17
4.34
3.95
3.38
3.52
4.53
4.79
3.31
3.33
2.20
2.64
2.24
2.48
2.71
2.62
2.47
2.70
2.64
2.91
2.90
3.81
3.44
3.86
2.96
4.14
4.25
3.40
3.80
2.55
3.94
2.70
2.18
2.05
2.94
2.80
3.17
2.06
2.30
3.77
2.72
2.17
2.04
4.07
2.49
2.63
3.63
3.59
2.92
4.30
4.51
3.33
2.64
3.20
2.99
2.28
2.63
3.49
2.87
3.77
4.37
4.11
4.33
3.89
4.20
4.83
4.04
4.45
3.44
4.17
4.40
4.01
4.08
4.07
3.93
4.36
3.94
3.52
3.97
4.21
4.20
3.49
3.63
3.80
4.22
3.78
3.70
3.66
3.29
3.37
4.04
4.64
4.11
4.62
4.39
4.79
3.84
4.51
3.55
3.83
4.11
3.99
4.11
4.45
3.97
3.44
5.01
3.97
4.18
4.04
4.33
4.09
4.24
3.83
4.17
4.66
4.30
3.72
3.88
3.74
3.97
4.15
3.91
3.64
3.60
3.33
3.32
3.14
3.26
3.58
3.14
3.19
3.43
3.62
4.30
4.28
3.95
4.27
3.65
4.58
3.52
3.40
2.99
3.60
4.03
4.42
3.89
4.06
3.99
4.52
3.97
3.46
4.38
3.50
3.61
4.24
3.38
3.85
4.07
3.82
3.41
3.28
4.16
4.34
3.25
3.96
3.32
3.70
3.64
3.11
3.52
3.91
4.14
4.14
3.79
3.79
3.66
3.85
3.82
3.55
3.83
3.79
3.88
4.44
3.89
3.89
4.35
3.39
4.27
3.51
3.71
4.12
4.08
3.70
3.84
3.88
3.96
3.63
4.11
3.88
3.80
3.56
4.01
3.59
3.92
4.07
3.76
3.93
3.91
3.81
4.37
4.59
3.64
3.73
4.32
3.80
4.91
4.15
3.85
3.25
3.63
4.32
4.07
3.63
3.70
3.91
3.82
3.44
3.73
3.58
3.38
3.67
3.60
4.15
3.59
4.27
3.21
4.20
3.63
4.41
3.43
3.28
4.09
3.77
3.26
4.22
3.73
3.91
4.10
3.07
3.65
3.78
3.83
3.70
3.66
3.86
3.86
3.77
3.97
4.08
3.31
3.69
4.34
4.45
3.92
3.28
4.09
2.70
3.79
4.01
3.81
4.26
4.28
3.85
3.90
3.64
3.74
3.81
3.65
3.95
3.79
4.21
4.34
3.98
3.91
4.04
4.06
4.28
3.51
3.53
4.23
4.03
3.78
3.79
3.80
3.74
4.51
4.26
3.08
3.33
3.08
3.03
2.73
3.24
3.16
3.51
3.69
3.72
4.26
4.04
3.24
2.31
2.67
2.74
2.87
3.11
3.00
3.03
3.23
2.90
3.09
2.91
3.09
3.25
3.08
3.23
3.01
2.72
2.88
3.45
3.44
3.74
3.17
2.94
3.73
3.36
3.35
3.54
3.61
3.09
3.05
1.85
3.10
0.949
3.42
4.36
3.91
3.91
4.25
4.60
3.94
4.07
3.83
3.31
3.21
3.73
3.92
3.87
3.67
3.12
4.07
4.10
4.09
3.72
4.57
3.78
4.25
3.88
3.60
4.27
4.25
4.24
3.93
4.00
3.69
4.24
4.21
3.54
4.59
3.66
4.01
4.42
3.53
2.50
3.54
4.43
4.19
4.28
3.98
4.19
4.30
4.25
4.13
3.95
3.38
3.67
3.72
3.61
3.81
4.01
3.63
3.77
3.46
3.81
2.57
2.24
2.61
2.56
2.73
2.28
2.41
3.12
3.30
2.63
2.64
2.70
2.54
2.82
2.04
3.20
2.14
3.49
3.50
2.59
2.49
2.57
3.62
2.36
2.89
2.69
2.88
3.38
2.88
2.22
2.06
2.74
3.80
4.27
3.89
3.10
3.38
2.72
2.96
2.69
3.53
4.15
2.54
2.31
2.09
2.45
2.61
4.20
3.55
4.14
4.19
4.21
4.81
3.94
3.90
4.33
4.12
3.73
4.06
4.06
3.91
3.48
3.93
4.56
4.00
3.34
4.19
3.77
3.49
3.83
3.79
4.33
4.04
4.35
4.50
3.69
4.27
3.94
3.38
4.21
4.00
4.00
4.04
3.87
3.96
3.91
4.06
4.09
3.69
3.62
3.52
4.00
3.63
3.75
3.77
3.72
4.06
4.03
3.85
3.83
3.41
3.83
3.49
3.83
3.15
4.02
4.63
4.00
4.12
3.72
4.21
3.81
3.75
4.36
3.96
3.96
3.88
4.06
3.91
4.10
3.50
3.83
3.36
4.09
3.82
4.25
4.19
4.15
4.34
4.58
4.15
4.16
3.89
4.49
4.11
3.82
4.32
3.89
4.38
3.94
4.14
4.15
4.24
3.78
3.34
3.44
3.81
3.81
4.08
3.91
4.48
4.05
4.26
3.98
3.83
4.39
4.75
3.81
4.39
4.84
3.99
4.06
4.39
3.78
4.38
4.27
3.76
4.47
3.69
3.93
4.15
3.63
3.56
4.19
4.58
3.47
4.07
3.54
3.64
3.79
4.35
4.18
4.45
3.81
2.78
3.70
3.33
4.44
3.99
3.83
3.54
4.46
3.93
3.39
3.15
3.70
3.70
4.31
3.82
4.11
3.77
4.09
3.81
3.95
3.25
3.80
4.16
3.94
3.86
3.65
3.90
3.64
4.15
3.69
3.85
3.54
4.00
3.71
4.14
3.63
4.52
4.26
3.94
3.93
3.89
4.26
3.39
4.26
3.50
3.21
4.06
3.91
3.51
3.86
3.86
3.58
4.00
3.50
3.42
4.04
4.42
4.09
3.90
3.64
3.26
3.51
3.49
4.28
3.69
3.90
4.23
3.95
3.96
3.55
3.70
3.24
3.87
4.46
4.08
3.87
3.58
3.55
3.43
3.67
3.95
4.32
3.97
4.03
4.11
3.84
4.55
4.59
4.55
3.94
3.88
4.08
3.87
3.71
4.49
4.34
3.71
3.47
4.22
3.85
4.35
4.13
4.06
4.24
4.39
3.48
4.08
3.86
3.71
3.80
4.01
4.13
4.05
3.51
4.36
3.46
4.00
2.25
3.62
4.15
3.98
3.76
3.68
3.36
3.39
4.10
3.96
3.98
4.58
4.20
4.09
4.07
4.12
3.90
4.28
4.34
3.79
3.29
4.19
4.10
3.71
3.83
4.21
4.03
4.31
4.19
4.25
4.04
4.52
3.56
3.82
4.13
4.33
4.80
3.67
3.81
3.96
3.43
3.51
3.67
4.11
4.38
3.34
3.11
3.44
3.89
2.82
3.01
3.41
2.30
2.76
3.40
3.81
2.76
3.39
3.41
3.89
2.69
2.95
2.92
2.85
2.49
3.07
3.33
3.11
2.67
3.15
2.95
2.92
3.34
3.22
3.14
3.24
3.02
3.15
3.99
4.29
4.06
3.69
4.07
4.27
4.13
3.74
4.10
4.05
3.86
4.28
4.01
3.96
3.69
4.11
4.50
3.77
3.83
4.00
3.95
4.60
4.04
4.03
3.94
4.29
4.80
4.14
4.38
4.75
4.67
4.02
4.36
3.89
3.74
4.45
4.10
4.19
4.39
4.12
4.07
4.65
4.03
4.21
3.41
4.68
4.29
3.92
3.92
4.04
4.09
3.80
3.57
4.21
4.80
3.76
3.76
3.75
4.52
3.86
3.69
4.64
4.19
4.73
4.07
3.71
3.79
3.78
3.89
4.05
3.64
4.37
4.05
4.25
4.17
4.16
3.98
3.64
3.73
4.03
4.21
4.06
3.97
3.43
3.69
3.85
3.93
4.32
4.23
4.30
4.10
3.15
3.61
3.66
4.11
3.32
3.82
4.21
3.85
3.85
4.09
3.88
4.22
3.95
3.85
4.20
4.13
4.04
4.83
4.25
4.01
4.30
4.14
4.10
4.73
3.51
3.47
4.00
4.05
4.30
4.27
3.70
3.28
3.87
