3.91
4.62
3.15
4.06
2.50
4.52
4.52
4.42
4.69
4.66
4.07
4.38
4.88
4.28
4.22
4.14
4.51
5.07
4.90
4.80
4.97
5.27
4.52
4.81
5.39
4.67
4.70
4.87
3.88
4.34
4.17
5.10
4.41
5.03
4.42
4.53
4.29
5.20
4.54
3.96
4.49
4.30
4.39
4.96
5.06
4.03
4.61
4.10
4.38
3.91
4.29
4.64
5.43
5.36
3.83
3.81
4.64
4.64
4.28
4.48
4.38
4.17
4.44
4.39
3.82
4.64
4.10
4.92
4.70
4.25
4.29
4.22
4.88
4.59
4.74
4.10
4.55
4.19
3.49
5.06
4.59
4.85
4.57
4.57
3.94
3.94
4.07
4.23
3.94
4.05
4.16
4.13
3.93
4.64
4.92
4.01
5.21
4.94
4.82
5.29
3.88
3.70
4.09
4.66
4.20
4.63
4.30
4.49
4.06
3.73
4.01
3.91
4.17
3.19
4.96
4.05
4.55
4.85
4.74
4.41
3.60
4.58
4.38
4.38
4.92
4.74
4.73
4.06
3.73
4.89
4.40
4.36
3.92
4.77
4.21
4.16
4.46
3.94
5.28
4.27
4.58
4.30
4.93
4.29
4.41
4.48
4.85
4.66
5.00
4.41
4.26
4.00
4.10
5.00
4.57
4.99
4.88
4.55
4.76
4.03
4.31
4.57
5.21
4.57
4.04
5.19
4.42
3.55
4.32
4.09
4.02
4.95
4.63
5.27
4.83
4.14
5.07
5.08
4.28
3.97
5.22
5.07
4.36
4.27
3.76
3.92
3.71
4.65
3.96
4.08
4.27
4.52
4.28
4.43
4.61
4.05
4.50
4.58
4.50
4.83
4.70
4.54
4.19
4.92
5.23
4.91
4.18
4.26
4.37
4.40
4.56
5.00
4.97
5.07
4.95
4.78
4.55
4.63
4.39
5.11
4.85
5.10
4.87
4.41
4.53
4.53
4.85
4.82
4.91
5.01
4.53
4.98
4.53
4.06
4.56
4.18
4.21
4.18
4.33
4.68
5.02
4.33
4.05
4.50
4.62
4.10
4.87
4.51
4.64
4.45
4.47
4.23
4.12
4.51
4.40
4.78
4.41
4.70
4.67
4.44
4.32
3.44
3.99
3.86
4.03
3.81
4.58
4.81
4.61
5.25
4.62
4.56
4.43
4.54
4.00
4.42
4.44
4.82
4.24
4.78
5.00
4.10
4.21
4.46
4.94
4.53
4.16
3.65
4.46
5.12
4.02
4.46
4.33
4.66
4.22
4.78
4.04
4.49
4.68
4.21
5.47
4.72
4.99
5.05
5.59
5.35
5.41
5.11
4.87
5.22
5.26
4.84
5.23
5.08
4.55
5.10
4.38
5.34
4.74
4.57
4.79
4.52
4.07
5.24
4.98
4.39
3.97
4.41
4.61
4.43
3.79
4.73
5.04
4.40
4.79
5.09
4.32
4.38
4.72
4.56
4.44
5.02
4.73
4.31
4.75
4.48
4.50
4.43
5.10
4.52
3.91
4.54
4.61
4.93
4.38
4.36
5.68
4.43
5.22
4.73
3.99
4.85
4.66
5.05
3.99
4.36
4.26
4.11
4.43
3.89
4.35
4.55
4.40
5.02
4.52
4.96
4.45
4.39
3.93
4.35
3.57
4.49
4.38
4.10
4.38
3.90
4.27
4.43
4.73
4.75
4.75
4.52
5.07
4.89
4.16
4.74
4.41
4.78
4.54
4.55
4.28
5.00
4.71
4.86
4.14
3.66
2.64
3.91
4.11
5.32
3.36
4.83
4.44
4.47
4.76
5.14
4.06
4.76
4.89
4.94
4.06
4.21
4.13
4.32
4.42
4.81
4.07
4.60
4.40
3.91
4.08
3.80
4.77
4.22
4.39
4.42
4.18
4.58
4.34
4.98
5.34
4.83
5.07
4.37
4.96
5.10
4.80
4.57
4.41
4.44
4.52
4.33
5.56
4.36
5.19
4.22
4.44
4.57
4.25
4.53
4.34
4.58
4.35
4.37
4.87
4.24
4.30
4.28
4.82
5.03
4.48
4.57
4.63
3.86
3.77
4.15
5.32
4.72
4.49
4.69
4.35
4.70
4.83
4.46
4.59
5.64
5.01
4.24
4.42
5.19
4.64
4.61
5.14
4.21
4.34
3.99
4.87
4.87
5.24
3.68
4.43
4.63
4.19
4.06
5.12
4.38
4.85
4.71
5.10
5.21
4.15
4.88
4.70
4.64
4.97
4.84
5.10
4.42
4.26
4.74
4.57
4.79
5.13
4.75
4.59
4.15
4.78
5.14
4.35
4.39
4.89
4.47
4.28
4.55
4.63
4.48
4.98
4.49
4.75
3.87
4.36
4.34
4.85
4.28
4.94
5.89
4.90
4.36
5.02
4.56
4.16
3.88
3.78
4.24
4.61
4.32
4.17
5.02
4.27
4.62
4.60
4.72
4.62
5.18
4.51
4.34
4.29
4.79
5.26
4.69
4.35
4.45
4.70
4.40
5.34
5.09
4.93
4.18
4.65
4.59
4.84
4.88
4.91
4.71
5.11
4.17
5.05
4.39
5.13
4.20
4.67
4.44
4.47
4.05
3.93
3.93
4.30
4.55
4.14
4.93
4.03
4.25
3.72
4.41
4.30
5.16
3.86
3.88
4.17
4.96
4.39
4.49
3.93
4.70
4.81
4.37
4.01
4.36
4.85
4.18
3.28
4.58
4.71
4.63
4.09
4.11
4.02
4.64
4.31
4.63
4.34
4.41
4.42
4.46
4.57
4.23
4.25
4.37
4.57
4.51
4.97
5.01
3.90
4.13
4.55
4.35
4.24
4.19
4.65
4.47
4.43
4.18
4.38
4.80
4.93
4.82
4.78
4.95
4.45
4.55
4.76
4.39
4.76
4.54
4.53
4.57
4.08
4.24
4.59
4.33
3.62
4.07
4.12
4.18
4.08
4.55
4.55
4.41
4.52
3.78
4.58
4.08
4.84
4.75
5.22
4.50
4.58
4.60
4.70
4.43
4.95
4.69
4.25
5.30
4.01
4.14
4.68
4.59
4.94
4.05
4.65
4.35
4.15
4.56
3.58
4.35
4.74
4.05
4.10
3.95
5.04
4.57
3.96
3.90
4.60
3.89
3.93
4.52
4.34
4.48
4.46
4.88
5.11
4.74
4.51
4.25
4.85
4.57
4.61
3.61
3.62
5.74
4.44
4.83
4.17
4.35
4.03
4.54
3.99
4.08
4.34
4.83
5.42
4.01
4.01
4.48
4.32
4.77
4.21
4.51
4.62
4.44
4.81
4.36
4.99
5.14
4.20
5.48
4.72
3.95
4.90
4.04
4.05
4.67
4.58
4.72
4.46
4.32
5.24
5.01
4.52
4.59
5.19
4.82
4.76
4.92
4.34
4.67
4.96
4.85
4.91
4.25
4.82
3.98
4.11
4.51
4.41
2.44
4.63
4.66
4.54
4.33
4.85
4.94
4.71
4.29
4.88
4.30
3.96
4.84
4.06
5.21
5.05
4.46
3.56
4.51
4.40
4.39
4.54
4.11
3.89
4.08
3.82
4.27
4.92
4.15
4.64
4.47
5.72
5.55
4.18
4.78
4.62
4.04
4.14
5.05
4.43
3.78
4.16
4.27
4.60
4.41
4.64
4.34
5.23
3.77
5.00
4.82
5.36
5.30
4.23
4.33
4.88
4.03
4.26
4.08
4.65
4.41
3.83
3.75
4.63
4.81
3.97
4.29
4.00
3.99
3.69
4.28
4.52
3.86
4.21
4.52
4.22
4.51
4.05
5.28
4.81
4.91
4.17
5.02
4.41
4.51
4.16
4.88
4.65
4.85
4.19
4.34
4.43
4.21
3.98
4.08
4.90
4.40
3.54
3.63
4.32
4.14
4.91
3.96
4.23
5.08
3.98
4.10
5.32
5.13
4.79
4.25
4.38
4.22
4.75
5.20
4.65
4.24
5.28
4.99
4.19
4.28
4.40
5.12
4.69
4.52
4.99
4.11
4.54
4.03
3.99
4.26
4.16
4.84
3.79
4.36
4.50
5.29
3.82
4.48
3.69
4.23
4.37
5.34
5.00
4.53
4.56
4.28
4.02
4.68
4.93
4.69
4.30
4.87
3.77
4.38
4.65
5.09
4.14
4.41
4.22
4.88
4.39
4.44
4.52
5.57
4.57
4.41
4.35
4.24
4.37
3.99
4.33
4.48
4.95
4.68
4.52
2.82
4.08
4.95
4.79
4.00
4.40
4.10
4.33
4.48
5.56
4.65
5.25
4.65
3.58
4.21
3.83
4.61
4.97
4.72
4.05
4.22
4.68
4.00
4.59
4.55
5.50
4.79
4.19
4.30
3.70
3.62
4.71
4.20
4.14
4.08
4.62
3.97
