3.75
3.99
3.55
3.59
3.46
3.18
3.78
3.43
3.76
3.36
3.96
3.78
3.89
3.73
3.59
3.63
3.55
3.57
3.72
3.73
3.25
3.63
3.41
3.82
3.39
3.28
3.40
3.86
3.48
3.53
3.48
3.35
3.13
3.27
3.26
3.35
3.38
3.54
3.08
3.52
3.04
2.33
2.20
2.75
3.18
3.29
3.61
3.48
3.40
3.41
3.38
3.56
3.31
3.51
3.56
3.22
3.32
3.67
3.21
2.85
3.08
3.24
3.48
3.67
3.22
3.65
3.31
3.55
3.27
3.32
3.09
3.18
3.22
3.43
3.19
3.38
3.47
3.30
3.54
3.24
3.47
3.78
3.57
3.45
3.34
3.32
3.36
3.19
3.14
3.44
2.46
3.56
3.34
3.17
3.06
3.52
3.35
3.19
3.12
2.93
2.79
3.16
3.15
3.10
3.25
2.88
2.73
3.14
3.17
3.33
3.55
3.15
3.12
3.08
3.45
3.05
3.30
3.43
3.19
3.24
3.09
3.41
3.32
3.46
3.09
3.49
3.57
3.55
3.38
3.52
3.73
3.13
3.17
3.43
3.35
3.39
3.21
3.06
3.64
3.23
3.42
3.44
3.45
3.71
3.34
3.40
3.30
3.03
3.47
3.53
3.04
3.33
3.06
3.36
3.27
2.86
2.99
3.28
3.08
3.33
3.26
3.19
3.11
2.89
2.67
2.98
3.08
3.14
2.67
3.20
3.15
3.13
3.48
3.14
3.25
3.25
3.25
3.26
3.41
3.24
2.83
3.10
3.16
3.37
3.18
3.56
2.99
2.85
3.02
2.76
3.04
2.86
2.96
3.03
3.17
3.06
3.05
3.04
2.57
2.95
2.72
2.76
2.87
2.92
3.20
3.07
2.71
3.08
2.84
3.14
2.93
3.02
3.09
2.82
2.65
2.80
2.79
3.45
2.96
2.70
2.77
2.46
2.91
2.80
2.93
2.91
2.50
3.28
2.49
2.54
3.30
3.01
3.01
3.05
2.70
3.06
2.80
3.22
2.91
3.08
2.88
2.83
3.13
2.53
3.11
2.82
3.36
2.91
3.31
3.07
2.83
3.00
2.24
2.71
3.00
2.76
2.98
3.12
2.87
3.07
3.13
3.33
2.92
3.14
3.05
3.22
3.47
3.19
2.86
3.39
2.80
3.09
2.93
3.12
3.11
3.17
3.16
3.42
2.93
3.22
3.04
3.27
3.06
2.91
2.81
3.03
2.73
2.88
2.12
3.20
3.34
3.35
3.33
2.77
2.85
3.07
3.11
2.89
2.82
3.15
3.06
2.95
2.81
2.70
2.63
2.55
3.31
3.47
3.19
2.95
3.19
3.00
2.90
2.93
2.85
3.45
2.96
2.65
2.82
2.95
2.95
3.06
3.26
2.87
3.23
3.03
3.15
3.32
3.05
3.30
3.33
3.66
3.03
3.29
3.19
3.00
2.53
3.01
3.17
2.94
2.96
3.35
3.58
3.04
3.29
3.41
3.15
3.05
2.88
3.12
2.92
3.02
3.15
3.06
3.32
3.16
3.17
3.01
2.89
3.08
2.96
2.99
3.14
2.81
2.52
3.33
3.06
2.91
2.52
2.40
2.85
2.91
2.69
3.05
3.45
3.26
3.64
3.31
3.27
3.29
3.26
3.10
3.13
2.99
3.16
3.19
3.21
3.37
3.03
3.14
3.00
3.47
3.06
2.97
3.07
3.42
3.10
3.07
3.20
3.21
3.25
2.98
2.76
2.34
2.88
3.22
3.01
2.69
3.34
3.04
3.23
2.91
3.24
3.18
3.29
3.39
3.15
2.98
2.80
3.37
3.48
3.06
3.19
3.22
3.00
3.38
3.11
3.18
2.99
2.96
3.04
2.85
3.08
3.28
3.45
3.23
3.57
3.13
3.48
2.97
2.79
2.77
3.05
3.21
3.41
3.26
3.04
3.23
2.69
2.66
3.29
2.91
3.12
3.37
3.43
2.69
3.14
2.94
3.36
3.10
3.11
3.09
3.02
3.36
3.15
3.28
3.32
3.02
3.39
3.11
3.38
3.02
3.17
2.91
2.94
3.34
3.19
3.10
3.16
3.24
3.22
3.01
2.93
3.06
2.81
3.18
3.33
2.82
3.19
2.95
3.22
3.22
2.86
3.05
2.77
2.67
2.74
2.65
2.90
3.01
3.26
2.92
3.22
3.06
3.22
2.69
3.26
3.02
3.00
3.11
3.14
3.25
2.75
3.04
2.68
2.68
3.05
2.70
3.16
3.09
2.89
3.14
3.15
2.74
3.02
3.06
3.07
2.94
3.20
2.87
3.08
3.01
3.23
3.29
2.85
2.60
3.04
3.12
3.01
3.17
3.34
3.62
3.41
3.44
2.83
3.50
3.34
3.41
3.19
3.04
2.71
2.39
3.17
3.85
2.99
3.10
3.23
3.51
3.14
2.94
2.68
2.83
3.16
2.85
3.03
3.05
3.31
2.70
3.26
2.84
3.21
3.00
3.27
2.71
3.30
3.17
2.77
2.96
3.43
3.19
3.09
3.16
3.10
3.07
3.20
2.78
3.12
2.91
3.15
2.92
3.02
2.55
2.88
2.81
2.53
2.92
3.23
2.74
2.54
2.80
2.94
2.92
3.43
3.38
2.98
2.71
2.75
3.09
3.17
2.73
2.82
3.00
2.89
2.98
3.31
2.72
3.14
2.69
2.80
2.78
3.13
2.87
2.84
3.12
3.06
2.95
2.64
2.83
2.75
2.84
2.77
3.13
3.43
3.30
2.95
3.07
3.21
2.77
2.79
2.86
3.15
3.35
2.96
3.41
3.10
3.54
3.51
3.26
3.46
3.14
3.36
3.45
3.37
3.38
3.19
3.12
3.48
2.95
2.93
3.10
3.10
3.33
3.08
3.17
3.09
2.87
2.89
3.05
3.19
2.93
3.00
3.03
3.13
2.71
3.45
2.87
3.09
3.02
3.24
2.85
2.99
3.03
3.29
3.06
3.19
3.04
3.29
3.03
3.10
2.68
2.89
3.03
3.00
2.81
2.70
2.75
3.07
2.72
2.99
2.80
3.03
3.07
3.02
2.77
2.60
2.63
3.07
3.19
3.44
3.08
2.88
2.67
2.74
2.86
3.22
3.16
2.89
3.28
3.08
2.76
2.75
2.83
2.84
2.90
3.19
2.89
2.84
2.99
2.91
3.15
3.40
3.48
3.40
3.05
3.27
2.82
3.71
2.56
2.86
2.88
2.72
3.29
3.03
2.98
3.26
3.40
3.12
2.92
2.88
3.01
2.80
3.03
2.92
2.40
2.85
3.02
3.49
2.77
3.22
2.74
2.93
3.24
3.25
3.13
1.79
2.96
3.03
2.56
2.95
2.77
2.54
2.76
3.03
2.92
2.90
2.53
2.99
2.90
3.18
3.23
2.97
3.18
2.75
2.98
3.04
3.08
2.88
2.64
3.22
2.88
3.06
3.09
3.16
2.60
2.64
2.92
2.88
2.99
3.08
3.16
3.10
2.82
3.22
2.98
2.82
2.87
3.05
3.11
2.88
2.94
2.95
2.99
3.16
3.04
2.82
2.39
2.73
2.88
2.83
3.15
3.02
2.88
2.76
3.12
2.75
2.63
3.16
3.15
3.14
3.17
3.23
3.02
2.70
2.78
2.87
2.72
2.71
2.46
2.62
2.72
2.88
2.92
2.78
2.98
2.95
2.99
2.93
2.68
3.40
2.72
2.94
2.31
2.81
3.14
3.02
2.55
3.33
2.85
2.43
3.07
2.87
2.97
3.07
3.24
2.72
2.47
2.52
2.72
2.57
2.73
3.01
2.63
2.93
3.23
3.12
3.18
3.08
2.86
3.12
3.45
2.96
3.25
2.66
2.89
3.16
2.80
2.92
2.73
2.46
2.80
2.96
3.07
3.11
3.09
3.26
3.07
3.09
3.02
3.15
3.16
3.06
3.14
3.06
3.15
2.98
3.03
2.73
2.92
2.60
2.78
2.70
3.06
2.96
3.00
2.93
3.17
2.97
2.93
2.55
2.71
3.08
2.63
2.91
2.92
2.89
3.02
3.13
3.33
3.34
3.09
3.17
3.01
3.90
2.68
3.03
3.41
2.73
3.15
2.94
3.03
3.24
3.03
3.15
2.87
2.23
2.25
2.82
3.17
3.11
3.00
3.13
3.13
3.25
3.25
3.33
2.61
3.18
2.27
2.69
2.28
2.73
2.70
2.64
2.79
2.71
2.94
2.87
3.18
3.22
3.20
3.15
3.04
3.30
2.87
2.78
2.52
2.77
2.35
2.42
2.68
2.97
2.95
3.02
3.31
2.97
3.09
3.19
3.14
2.87
2.77
3.31
2.92
3.24
2.88
3.26
3.14
2.84
2.98
3.04
2.75
