2.01
2.77
2.51
2.56
2.52
2.37
2.13
2.61
2.47
2.31
2.62
2.53
2.55
2.62
2.33
2.72
2.56
2.44
2.43
2.46
2.54
2.93
2.46
2.82
2.70
2.43
2.60
2.83
2.54
2.25
2.32
2.91
2.45
2.70
1.84
2.75
2.58
2.50
2.75
2.37
2.65
2.15
2.68
2.66
2.28
2.14
2.26
2.21
2.22
2.25
2.74
2.54
2.93
2.38
2.63
2.47
2.51
2.57
2.84
2.56
2.56
2.24
2.92
2.47
2.27
2.43
2.11
2.54
2.43
2.66
2.48
2.76
2.41
2.28
2.39
2.59
2.40
2.87
2.25
2.77
2.56
2.60
2.86
2.48
2.66
2.65
2.23
2.53
2.39
2.63
1.82
2.60
2.24
1.95
2.36
2.76
3.23
2.47
3.12
2.97
2.51
2.85
2.65
2.69
2.87
2.60
2.56
2.58
2.36
2.51
2.61
2.68
2.53
2.92
2.60
2.63
2.53
2.89
2.68
2.65
2.65
2.83
2.81
2.40
2.51
2.56
2.51
2.67
2.72
2.43
2.63
2.93
2.57
2.61
2.55
2.60
2.43
2.45
2.38
2.93
2.29
2.50
2.90
2.59
2.99
2.43
2.77
2.39
2.50
2.55
2.24
2.69
2.33
2.55
2.74
2.68
2.93
2.54
2.81
2.63
2.49
2.83
2.73
2.72
2.57
2.71
3.08
3.06
2.58
2.88
2.75
2.80
2.68
2.54
2.06
2.72
2.77
2.76
2.64
2.54
2.49
2.81
2.60
2.37
2.41
2.57
2.44
2.65
2.61
2.46
2.37
2.21
2.44
2.56
2.35
2.57
2.64
2.63
2.59
2.54
2.48
3.02
2.66
2.33
2.66
2.70
2.73
2.68
2.76
2.61
2.57
2.52
2.79
2.44
2.49
2.53
2.68
2.73
2.19
2.34
2.58
2.36
2.34
2.55
2.93
2.15
2.30
2.34
2.46
2.46
2.46
2.29
2.91
2.79
2.81
2.55
3.05
2.94
2.41
2.82
2.67
2.80
2.83
2.74
2.85
2.84
2.69
2.77
2.69
2.51
2.90
2.55
2.59
2.47
2.61
2.53
2.51
2.50
2.46
2.38
2.66
2.67
2.35
2.38
2.38
2.43
2.43
2.72
2.64
2.64
2.75
2.52
2.80
2.79
2.91
2.53
2.65
2.43
2.47
2.43
2.61
2.11
2.25
2.09
2.33
2.47
2.71
2.54
2.42
2.51
2.64
2.37
2.69
2.47
2.74
2.53
2.31
2.44
2.38
2.10
2.71
2.91
2.41
2.55
2.94
2.43
2.43
2.45
2.44
2.60
2.69
2.47
2.70
2.49
2.64
2.50
2.53
2.42
2.58
2.35
2.67
2.38
2.79
2.45
2.40
2.35
2.65
2.77
2.57
2.62
2.39
2.42
2.41
2.12
2.71
2.61
2.51
2.72
2.48
2.85
2.64
2.60
2.25
2.52
2.84
2.39
2.68
2.35
2.47
2.39
2.58
2.88
2.72
2.71
2.76
2.66
2.39
2.63
2.49
2.61
2.53
2.55
2.54
2.54
2.61
2.80
2.42
2.72
2.46
2.38
2.36
2.48
2.49
2.59
2.51
2.33
2.82
2.76
2.52
2.39
2.53
2.57
2.60
2.20
2.48
2.40
2.65
2.67
2.24
1.30
2.22
2.50
2.35
2.13
2.89
2.74
2.31
2.83
2.74
2.53
2.58
2.59
2.73
2.17
2.51
2.37
2.05
2.45
2.35
2.23
2.22
2.64
2.49
2.51
2.36
2.54
2.37
2.28
2.35
2.23
2.47
2.56
2.44
2.37
2.52
2.28
2.32
2.41
2.45
2.38
2.46
2.82
2.57
2.62
2.72
2.51
2.64
2.67
2.64
2.81
2.62
2.65
2.82
2.64
2.70
2.63
2.22
2.28
2.72
2.74
2.50
2.41
2.10
2.27
2.61
2.20
2.33
2.41
2.62
2.42
2.30
2.40
2.65
2.18
2.51
2.85
2.59
2.37
2.45
1.66
2.44
2.26
2.24
2.34
2.26
2.47
2.88
2.53
2.48
2.39
2.63
2.50
2.67
2.84
2.09
2.16
2.74
2.50
2.33
2.15
2.56
2.59
2.36
2.66
2.85
2.71
2.86
2.43
2.77
2.54
2.87
2.80
2.90
2.65
2.63
2.40
2.65
2.52
2.52
2.39
2.75
2.46
2.62
2.39
2.75
2.85
2.77
2.68
2.64
2.71
2.56
2.56
2.56
2.53
2.34
2.45
2.59
2.47
2.75
2.82
2.74
2.51
2.50
2.39
2.61
2.65
2.37
2.52
2.48
2.43
2.08
2.18
2.63
2.35
2.53
2.70
2.78
2.23
2.42
2.29
2.55
2.47
2.39
3.02
2.69
2.25
2.55
2.46
2.46
2.51
2.65
2.70
2.62
2.20
2.19
2.18
2.63
2.53
2.54
2.45
2.37
2.33
2.06
2.59
2.76
2.32
2.31
2.26
2.44
2.59
2.70
2.79
2.65
2.53
2.48
2.64
2.65
2.04
2.23
2.66
2.63
2.55
2.24
2.75
2.64
2.81
2.41
2.41
2.24
2.57
2.61
2.39
2.45
2.49
2.58
2.57
2.49
2.53
2.83
2.85
2.49
2.42
2.73
2.58
2.87
2.78
2.39
2.93
2.75
2.53
2.69
2.57
2.55
2.52
2.33
2.67
2.63
2.60
2.62
2.44
2.40
2.32
2.40
2.66
2.66
2.32
2.81
2.71
2.17
2.43
2.63
2.69
2.78
2.58
3.05
2.80
2.69
2.74
2.54
2.45
2.68
2.58
2.59
2.78
2.85
2.70
2.87
2.79
2.86
2.79
2.76
2.78
2.55
2.92
2.67
2.62
2.73
2.98
2.76
2.63
2.52
2.52
2.53
2.65
2.46
2.77
2.55
2.84
2.55
2.72
2.80
2.80
2.57
2.28
2.64
2.89
2.58
2.48
2.69
2.39
1.99
2.68
2.66
2.09
2.50
2.52
2.70
2.71
2.71
2.57
2.56
2.72
2.81
2.08
2.78
2.76
2.74
2.65
2.58
2.78
2.52
2.68
2.44
2.65
2.77
2.79
2.42
2.65
2.46
2.63
2.31
2.45
2.36
2.69
2.40
2.52
2.51
2.41
2.44
2.63
2.53
2.53
2.43
2.38
2.70
2.57
2.87
2.81
2.40
2.56
2.52
2.26
2.64
2.76
2.16
2.85
2.57
2.03
2.32
2.38
2.66
2.24
2.33
2.59
2.67
2.69
2.60
2.71
2.58
2.75
2.86
2.89
2.71
3.13
2.58
2.39
2.79
2.67
2.25
2.12
2.66
2.86
2.38
2.84
2.73
2.36
2.77
2.40
2.57
2.38
2.37
2.39
2.32
2.42
2.31
2.43
2.56
2.55
2.17
2.69
2.44
2.45
2.35
2.48
2.48
2.75
2.65
2.61
2.56
2.63
2.60
2.84
2.30
2.49
2.70
2.28
2.60
2.50
2.71
2.65
2.62
2.88
2.82
2.77
2.75
2.40
2.62
2.43
2.71
2.72
2.77
2.74
2.53
2.34
2.66
2.54
2.48
2.69
2.42
2.59
2.57
2.70
2.74
2.71
2.71
2.76
2.59
2.78
2.77
2.68
2.84
2.83
2.80
2.83
2.80
2.84
3.06
2.60
2.49
2.55
2.74
2.57
2.76
2.81
2.54
2.67
3.04
2.90
2.73
2.57
2.95
2.81
2.64
2.79
2.84
2.75
3.08
2.91
2.46
2.80
2.56
2.84
2.69
2.90
2.59
2.85
2.62
2.78
2.90
2.94
2.80
2.98
2.93
2.69
3.00
2.90
2.93
3.04
2.90
2.87
3.02
2.55
2.73
2.65
2.56
2.98
2.83
2.66
2.52
2.54
2.88
2.78
2.69
2.64
3.20
2.83
2.91
2.86
2.72
2.63
2.41
2.68
2.57
2.52
2.45
2.60
2.59
2.81
2.89
2.48
2.50
2.51
2.16
2.75
2.54
2.60
2.30
2.58
2.31
2.20
2.63
2.28
2.32
2.69
2.47
2.37
2.31
2.44
2.59
2.43
2.42
2.37
2.55
2.65
2.66
2.74
2.25
2.87
2.39
2.66
2.39
2.93
2.66
2.58
2.62
2.42
2.44
2.71
2.49
2.27
2.57
2.55
2.36
2.54
2.29
2.45
2.59
2.61
2.48
2.53
2.29
2.16
2.22
2.27
2.08
2.60
2.72
2.82
2.60
2.69
2.64
2.71
2.46
2.75
2.80
2.85
2.61
2.48
2.20
2.63
2.64
2.48
2.55
3.12
2.72
2.61
2.64
2.64
2.89
2.68
