1.97
2.27
2.20
2.17
2.00
2.19
1.74
1.97
2.11
2.25
2.00
2.10
2.22
2.06
2.01
1.97
2.14
2.03
1.64
2.25
1.99
1.95
2.01
2.11
2.04
1.93
1.86
2.28
2.07
2.02
1.95
2.01
2.04
2.20
1.85
2.12
2.05
1.83
1.92
1.88
2.05
1.80
1.91
1.62
1.72
1.78
1.85
2.13
2.29
2.06
2.11
2.02
2.21
2.08
1.95
1.98
2.23
2.14
2.25
2.03
2.05
2.15
2.23
2.17
2.17
2.00
2.10
2.02
1.78
1.84
1.88
1.90
2.10
1.88
1.83
1.83
1.64
2.32
2.08
1.71
1.90
1.83
2.26
2.12
1.93
1.86
2.03
2.16
1.77
1.69
1.99
2.02
1.49
2.03
1.85
2.10
2.05
1.80
1.91
2.30
2.22
2.29
1.90
1.99
2.26
2.17
2.27
1.89
2.18
2.10
2.11
2.36
1.95
1.94
2.34
2.06
2.20
1.94
1.91
2.32
1.78
1.96
1.93
1.99
2.20
2.33
2.22
1.98
2.11
2.17
2.16
2.23
1.94
1.91
2.22
2.15
2.24
1.99
2.00
2.22
1.98
1.93
1.73
2.31
2.33
1.96
1.92
2.26
2.13
2.25
2.27
1.98
1.84
2.08
1.89
2.00
1.82
1.62
1.67
1.94
2.00
1.96
1.63
1.98
2.23
2.36
2.14
2.20
2.19
2.10
2.00
2.25
2.11
2.30
1.91
2.29
2.36
2.17
1.85
2.23
1.85
2.10
2.18
2.24
2.11
2.28
2.04
1.89
1.97
1.96
2.14
2.02
2.11
2.09
2.10
2.39
2.03
2.15
2.30
1.88
1.96
1.74
1.96
1.80
1.82
1.84
2.11
2.05
1.93
2.00
2.14
2.04
2.13
1.92
2.00
1.91
2.15
2.10
1.80
1.83
2.12
2.06
2.06
2.09
1.84
2.23
2.09
2.31
1.76
2.19
2.27
2.18
2.23
2.32
2.16
2.05
2.20
2.06
1.97
1.69
1.85
1.82
1.63
1.85
1.79
2.00
1.75
1.89
2.03
1.81
1.74
1.84
1.93
1.67
1.58
1.54
1.47
1.94
1.82
1.92
1.98
1.78
1.62
1.19
1.67
2.13
1.88
2.08
1.77
2.01
2.04
1.93
2.23
1.96
2.15
2.03
1.94
2.17
1.99
1.73
1.97
1.98
1.68
2.07
2.17
2.05
1.35
1.78
1.73
1.97
1.85
1.94
1.76
2.00
2.01
1.96
2.22
1.84
2.25
1.86
1.90
1.71
1.88
1.71
1.69
2.31
1.72
2.07
2.04
2.14
2.46
2.22
2.10
1.95
1.95
1.80
2.14
2.18
1.91
1.93
2.00
1.99
1.88
1.82
1.84
2.00
1.83
1.54
1.52
2.23
2.26
2.15
2.03
1.88
1.99
1.82
1.85
1.96
1.42
2.06
1.97
1.88
1.76
2.13
2.30
2.68
1.95
1.82
1.90
2.05
1.77
2.09
2.05
2.04
2.23
2.22
2.29
1.82
2.00
1.85
1.91
1.83
2.03
1.88
2.23
2.11
2.20
2.21
1.77
2.01
2.12
2.01
1.77
1.67
1.69
1.93
1.86
1.94
1.79
2.13
2.05
2.02
2.25
2.28
2.42
2.19
2.14
2.08
2.17
2.23
2.31
2.08
2.11
2.11
1.88
2.09
2.27
2.24
2.03
2.24
2.07
2.00
2.12
2.10
1.97
1.92
1.84
2.03
1.98
2.32
2.36
2.14
2.24
2.27
2.10
2.05
2.20
2.04
2.21
2.25
2.36
2.06
2.13
2.23
2.16
2.27
1.98
2.23
1.97
2.13
1.92
1.86
1.68
0.992
1.18
0.937
0.905
1.80
1.34
1.51
2.11
1.53
1.68
1.81
1.61
1.75
2.18
1.80
1.29
1.88
1.96
2.10
2.34
2.14
2.21
1.88
2.02
1.96
1.73
1.95
2.42
2.29
2.08
2.13
2.08
2.13
2.18
2.13
2.22
1.96
2.05
2.12
1.96
2.15
2.18
2.01
1.83
1.62
1.98
2.05
2.14
2.20
2.11
2.06
1.98
1.97
2.34
2.33
2.27
2.33
2.29
2.20
2.28
2.28
2.31
2.31
2.10
2.07
1.94
1.81
2.04
2.02
2.15
2.29
2.05
2.31
1.98
2.24
2.00
2.20
2.53
2.04
2.39
2.23
1.84
2.02
2.15
2.32
2.31
2.23
2.27
2.13
2.10
1.90
2.15
2.21
2.13
2.26
2.30
2.29
2.30
2.29
2.16
2.27
2.22
2.22
2.07
2.21
2.13
2.15
2.32
2.16
2.00
2.30
2.28
2.37
2.14
2.29
2.27
2.27
2.05
2.06
2.13
2.23
2.12
2.16
2.25
2.20
2.27
2.10
2.03
2.14
2.14
2.12
1.90
2.09
2.33
2.14
2.34
2.29
2.30
2.33
2.53
2.29
2.41
1.96
1.89
2.33
2.28
2.26
1.94
2.04
2.26
2.24
2.29
2.25
2.13
1.99
1.95
2.30
2.16
2.40
2.29
2.38
2.31
2.19
2.07
2.20
2.27
2.01
2.27
2.23
2.23
2.38
1.97
2.11
1.96
2.07
2.18
1.98
1.91
2.02
1.87
2.14
2.05
2.07
2.12
2.10
2.22
2.03
2.00
1.86
1.89
1.87
2.03
1.86
1.97
1.99
1.86
1.67
2.02
1.82
2.28
2.32
1.90
2.08
2.17
2.18
2.17
1.93
2.06
1.77
1.99
1.83
1.88
2.03
1.81
2.23
2.27
1.89
2.14
1.94
1.74
2.20
2.11
1.98
2.02
2.09
2.25
2.14
2.23
2.08
2.11
2.15
2.07
1.87
2.53
2.11
1.88
2.05
1.61
1.95
1.93
2.20
2.18
2.20
2.05
1.93
2.13
2.09
2.14
1.98
2.32
2.19
2.30
2.27
2.36
2.28
2.15
2.02
2.02
2.03
2.03
1.88
2.13
2.00
1.99
2.12
2.08
2.08
2.39
1.54
2.08
1.88
1.85
1.56
2.04
1.95
1.87
1.79
1.97
2.14
2.29
2.02
2.30
2.14
2.19
2.07
2.15
2.00
2.08
2.37
2.03
1.94
1.95
2.20
2.09
2.31
2.32
2.46
1.88
1.98
2.16
1.98
2.37
2.20
2.31
2.33
2.33
1.90
2.19
1.86
1.79
1.79
1.66
1.54
1.89
1.71
2.06
2.01
2.10
2.11
2.34
2.46
2.22
1.94
2.17
2.02
1.93
2.16
2.14
2.06
2.11
2.09
2.27
2.15
2.25
2.25
2.18
2.17
2.12
2.28
2.08
2.18
2.30
2.41
2.49
1.96
2.00
1.99
1.79
1.92
2.09
1.95
1.83
2.13
2.05
2.12
2.17
2.11
2.06
2.26
2.25
2.29
2.23
2.17
2.09
1.97
2.30
2.30
2.00
1.83
2.24
2.16
2.12
1.84
2.06
2.00
2.06
1.98
2.08
2.15
2.13
2.19
2.08
1.80
2.21
1.78
2.21
2.19
1.86
1.91
1.96
1.97
1.98
2.01
2.21
2.06
1.86
2.04
2.18
2.17
2.18
1.97
1.84
1.71
1.85
2.04
1.92
2.15
2.25
2.05
2.19
2.21
2.15
1.98
2.17
2.02
2.10
1.89
1.98
2.14
2.07
2.11
2.19
2.03
1.72
2.15
2.30
2.34
2.07
2.07
2.27
2.29
1.89
2.02
1.84
1.95
1.96
2.20
1.98
1.47
2.09
2.02
2.05
1.95
1.97
1.84
1.88
2.02
2.11
2.17
1.86
2.01
1.90
1.98
1.88
1.95
1.77
1.75
1.91
1.93
1.93
2.25
1.99
2.01
1.80
1.95
2.05
2.23
2.24
2.18
2.14
2.31
2.19
2.03
2.07
2.16
1.89
1.95
2.04
1.92
2.20
2.02
1.94
1.92
2.28
2.06
2.16
2.10
2.09
1.95
2.21
2.01
2.01
1.99
1.85
1.54
2.06
1.90
2.14
1.92
1.95
1.92
2.15
2.19
1.99
2.01
2.08
2.01
1.95
1.75
2.04
1.97
1.70
1.91
1.76
1.95
1.81
1.98
2.12
2.10
1.91
1.92
1.96
1.66
1.66
1.74
1.71
1.80
1.89
1.87
1.98
1.90
1.70
1.80
1.78
1.77
1.71
1.81
1.98
1.81
2.05
1.96
2.07
1.95
1.85
1.86
2.00
2.07
1.92
2.12
2.11
1.96
1.95
1.85
2.14
1.96
2.17
1.94
2.28
2.07
2.02
1.99
1.73
2.10
2.07
2.07
1.95
2.19
