3.03
3.77
3.33
3.55
3.64
3.70
3.74
3.34
3.29
3.84
4.17
4.13
4.04
3.65
3.51
3.70
3.72
3.83
3.81
3.80
3.76
3.51
3.97
3.64
3.44
3.70
3.65
3.47
3.34
3.29
3.57
3.63
3.71
3.32
3.39
3.27
3.00
2.79
2.99
3.34
3.13
3.39
2.94
3.29
3.20
4.15
4.04
3.26
3.41
3.57
3.37
3.55
4.11
3.81
3.86
3.90
4.16
3.87
4.01
4.25
3.26
3.39
3.24
3.70
3.25
3.16
3.49
3.13
3.95
3.74
3.75
2.70
3.79
3.80
3.61
3.76
3.78
3.94
3.50
3.98
3.52
3.42
3.46
3.63
3.70
3.50
3.54
3.64
3.44
3.80
3.72
3.67
3.53
3.95
3.86
3.80
3.76
3.76
3.84
3.65
3.24
3.55
3.66
3.46
3.52
3.29
3.84
2.89
4.19
3.87
3.65
3.87
3.22
3.61
3.57
3.88
3.68
3.84
3.64
3.19
3.78
3.72
4.10
3.39
3.84
3.44
3.94
3.28
3.60
3.81
3.75
3.28
3.69
3.33
3.40
3.81
3.83
3.35
3.36
3.71
3.97
3.64
3.64
3.57
3.56
3.52
3.44
3.67
3.94
3.77
4.22
3.46
3.31
3.44
3.75
3.61
3.46
3.35
3.75
3.88
3.47
3.80
3.68
3.67
4.13
3.50
3.86
3.51
3.57
3.87
3.59
3.18
3.09
3.81
3.77
3.30
3.31
3.61
3.79
3.97
4.23
4.14
3.78
3.51
3.61
3.97
3.72
3.73
3.65
4.04
3.91
3.30
3.67
3.24
3.12
3.81
3.68
3.62
3.98
3.75
3.89
4.16
3.92
3.69
4.71
3.74
4.09
3.39
4.21
3.78
3.64
3.72
3.92
3.86
3.65
3.70
3.97
3.99
3.89
3.62
3.75
3.59
3.83
3.85
4.02
3.83
3.71
4.01
3.62
3.60
3.69
3.52
3.81
3.49
3.47
3.94
3.86
3.75
3.58
3.59
3.93
3.98
3.55
3.69
3.16
4.10
4.26
3.60
3.88
4.08
4.25
3.64
3.29
3.41
3.90
3.07
3.02
3.60
3.14
3.22
3.78
3.51
3.29
3.28
3.35
3.24
1.83
3.46
3.86
3.46
4.10
3.68
4.02
3.55
3.80
3.66
3.68
3.72
3.33
3.59
3.35
3.74
3.33
3.11
3.72
3.30
3.81
3.35
3.20
3.00
3.55
3.28
3.41
3.66
3.27
3.23
3.58
3.39
2.98
3.28
3.33
3.42
3.43
3.67
3.45
3.74
2.92
3.63
4.03
3.49
3.64
3.20
3.34
3.66
3.23
3.68
3.16
3.69
3.59
3.99
4.19
3.93
3.81
3.71
4.39
3.66
4.04
4.16
3.94
3.87
3.72
4.03
3.95
3.91
3.79
3.59
3.87
3.70
3.08
3.76
3.71
3.55
3.70
3.60
3.63
3.37
3.66
3.12
3.55
4.04
3.55
2.95
3.59
3.54
3.37
3.34
3.25
3.23
3.44
3.36
3.23
3.22
3.08
3.96
3.52
3.87
3.44
3.80
3.92
3.24
3.58
3.22
3.80
3.46
3.00
3.97
3.82
3.28
3.42
3.38
3.61
3.46
3.34
3.54
3.30
3.54
3.75
3.30
3.12
3.55
3.45
3.73
3.53
3.67
3.13
2.95
3.28
3.61
3.70
3.27
3.20
3.18
3.60
3.68
3.59
3.52
3.28
3.78
3.21
3.55
3.40
3.65
3.50
3.61
3.53
3.22
2.98
3.64
3.21
3.57
3.97
3.57
3.35
3.04
3.62
3.95
4.11
3.76
3.59
3.58
3.79
4.04
3.23
3.63
3.56
3.77
3.59
3.63
3.76
3.47
3.60
3.74
3.15
3.01
3.45
3.51
3.26
2.83
3.43
3.36
3.41
2.99
3.10
3.24
3.68
3.32
3.04
3.38
3.47
3.16
3.84
3.94
4.12
3.85
3.42
3.61
3.51
3.54
3.19
3.25
3.21
3.53
3.33
3.88
3.34
3.88
3.67
3.66
3.28
2.83
3.40
3.08
3.42
3.43
3.33
3.64
3.25
3.26
3.87
3.45
4.00
3.39
3.86
3.24
3.37
2.87
3.38
3.22
3.37
3.85
3.42
3.25
3.35
3.28
2.94
3.51
3.24
3.18
3.12
2.88
3.23
2.95
3.12
3.35
3.13
3.09
3.21
3.32
3.35
3.75
3.38
3.56
3.34
3.36
3.35
3.15
3.51
2.93
3.27
3.29
3.14
3.18
3.31
3.13
3.42
2.82
3.47
2.91
3.03
3.33
3.49
3.19
3.23
3.97
3.23
3.71
3.76
4.06
3.59
3.97
3.90
4.01
4.16
4.12
3.82
3.33
3.80
3.86
3.80
4.01
3.46
3.43
4.06
3.65
3.69
3.80
3.54
3.78
3.43
3.71
3.88
3.59
3.99
3.63
3.82
3.91
3.60
3.73
3.51
3.27
3.87
3.40
3.99
3.73
4.13
3.75
3.53
3.52
3.36
3.84
3.42
4.38
3.29
3.74
3.71
3.97
3.91
4.05
3.63
3.60
3.66
4.54
3.53
2.76
3.18
3.30
3.56
3.63
3.27
3.58
3.34
3.51
3.49
3.54
3.09
3.61
3.07
3.06
3.37
3.46
3.18
3.09
3.73
3.13
3.29
3.85
3.55
3.35
3.82
1.99
3.41
3.71
3.13
3.90
4.04
3.29
3.37
3.46
3.19
3.51
3.19
3.21
3.50
2.02
3.39
3.00
3.55
3.33
3.60
3.39
3.46
3.27
3.80
3.22
3.63
3.58
3.71
3.21
3.73
3.50
3.23
3.63
3.60
3.79
4.12
4.05
3.59
3.79
3.60
3.41
3.41
3.19
3.66
4.11
3.96
4.11
3.61
3.69
3.39
3.46
3.37
3.61
3.18
3.68
3.71
3.61
3.61
3.98
4.07
3.90
3.59
3.69
3.32
3.81
3.73
3.75
3.82
3.37
3.39
3.65
3.61
3.46
3.76
3.75
3.75
3.73
3.95
3.51
3.52
3.58
3.68
3.95
3.61
4.06
3.36
3.72
3.91
3.96
3.86
3.90
3.25
4.06
3.89
3.94
3.61
3.61
3.51
3.48
3.08
3.52
3.10
3.38
3.61
3.72
3.74
3.94
3.33
3.50
3.40
3.38
3.90
3.32
4.20
3.56
3.04
3.34
3.41
3.58
3.43
3.61
3.79
3.51
3.18
3.28
3.46
3.65
3.22
2.77
3.03
3.39
3.86
3.57
3.69
3.76
2.94
3.41
3.49
2.04
2.28
2.56
2.75
2.66
2.03
2.01
1.79
2.74
1.51
2.52
1.65
2.45
2.67
3.80
3.28
2.95
2.70
2.67
3.06
2.70
2.32
2.38
2.63
2.53
2.82
2.62
2.59
2.65
2.25
2.16
2.47
2.79
2.79
2.60
2.38
1.99
2.21
1.46
1.83
3.42
3.02
3.24
3.39
2.92
3.14
3.60
3.74
3.30
3.65
3.71
3.77
3.70
3.66
3.70
3.27
4.00
3.60
3.38
3.77
3.47
3.98
3.62
3.70
3.72
3.50
3.91
3.18
3.59
3.77
3.55
3.59
3.61
3.45
3.81
3.59
3.09
3.06
2.66
3.27
3.41
2.94
3.23
3.26
3.29
3.37
3.34
3.58
3.47
3.61
3.46
3.42
3.64
3.51
3.58
3.85
3.76
3.29
2.29
3.19
3.10
2.90
3.25
3.81
3.15
3.78
3.62
3.74
3.65
3.49
3.04
3.39
3.69
3.45
3.54
3.47
2.96
3.83
3.86
3.47
2.91
3.62
3.78
3.60
3.20
3.60
3.67
3.19
3.23
3.60
3.31
3.61
2.96
3.47
3.44
3.82
3.40
3.59
3.76
3.37
3.35
2.86
3.37
3.27
3.27
3.27
3.39
3.55
3.29
3.23
3.64
3.65
3.39
3.68
3.88
3.76
3.83
3.87
3.61
3.22
3.84
3.55
3.80
3.63
3.87
3.72
3.76
3.31
3.57
4.08
3.50
3.75
3.77
3.92
3.80
3.46
3.39
3.41
3.42
3.59
3.68
3.61
3.51
3.36
3.81
3.68
3.70
3.57
3.55
3.63
3.61
4.04
3.71
2.83
2.93
3.17
3.36
3.25
3.38
2.79
2.94
2.61
3.67
2.95
3.35
2.30
3.77
3.44
3.38
3.44
3.38
3.59
3.23
3.70
3.38
3.52
3.31
3.34
3.41
3.43
3.18
3.47
3.55
3.20
3.13
3.40
3.46
3.50
3.71
2.82
3.38
3.19
3.40
3.16
3.20
3.28
3.57
3.11
3.19
3.42
3.26
3.61
3.23
3.74
3.20
3.36
3.27
3.21
3.37
3.26
3.46
3.26
3.58
3.26
3.21
3.32
2.97
3.53
2.86
3.18
2.99
3.39
3.15
3.13
3.50
2.90
3.12
3.53
3.33
3.10
3.49
3.65
3.26
3.20
3.82
3.81
3.55
3.26
3.35
3.39
3.60
3.61
3.88
3.62
3.46
3.32
3.49
3.99
3.79
3.68
3.61
3.21
3.30
3.26
2.97
3.17
3.18
3.25
2.91
3.11
3.77
3.15
3.44
3.53
3.26
3.33
3.45
3.37
3.39
3.19
3.37
3.60
3.30
3.29
3.18
3.61
3.13
3.69
3.07
3.60
3.06
3.65
3.65
3.24
3.73
3.22
3.35
2.89
3.19
3.44
3.17
3.35
3.20
3.51
3.54
3.33
3.92
3.47
3.27
3.32
3.44
3.21
3.39
3.31
3.81
3.73
3.76
3.58
3.02
4.01
3.85
3.31
3.35
3.91
3.85
3.39
3.63
3.50
3.57
3.54
3.44
3.45
3.24
3.56
3.88
3.36
3.13
3.41
3.26
3.83
3.30
3.30
3.50
3.76
3.65
3.29
3.46
3.55
3.30
3.65
3.52
3.49
3.59
3.48
3.50
3.44
3.18
2.96
2.83
3.35
3.71
3.16
3.26
3.62
3.26
3.69
3.28
3.44
3.81
3.80
3.44
3.79
3.59
3.53
3.64
3.23
3.71
3.72
3.42
3.70
3.88
3.52
3.91
3.68
3.84
3.82
3.82
3.08
3.81
3.45
3.78
3.21
3.73
3.70
3.76
3.81
3.88
3.59
3.91
3.70
3.42
3.71
3.65
3.22
3.12
3.31
3.20
3.80
3.06
3.67
3.53
4.00
3.84
3.71
3.31
3.16
3.25
4.20
3.67
3.61
3.71
3.94
3.47
3.61
3.29
3.85
3.61
3.58
3.65
3.36
3.14
3.42
3.25
3.63
3.64
3.44
3.37
3.52
3.61
3.57
3.87
3.29
3.91
3.88
3.23
3.77
3.77
2.93
3.26
3.30
3.38
3.59
4.18
3.99
3.53
3.72
3.86
3.62
3.53
3.99
3.30
3.74
3.80
3.41
3.92
3.20
3.39
3.75
3.87
3.58
3.57
3.81
3.32
4.00
3.87
3.68
3.50
3.65
3.61
3.21
3.53
3.40
2.86
3.76
3.98
3.79
3.45
3.90
3.60
3.20
3.73
3.22
3.87
3.49
3.52
3.95
4.08
3.76
3.66
3.70
3.44
3.51
3.52
3.59
3.11
3.48
3.70
3.78
3.48
3.42
3.63
3.74
3.23
3.62
3.53
3.48
3.45
3.30
3.42
3.59
3.86
3.60
3.20
3.24
3.05
3.50
3.17
3.16
3.54
3.34
3.70
3.29
3.41
2.89
3.09
2.98
2.34
3.18
2.98
3.05
3.49
2.61
3.16
3.33
3.73
3.20
2.55
3.67
3.04
3.62
3.79
2.47
3.34
3.45
3.29
3.76
3.70
3.45
3.49
3.18
3.02
3.21
2.97
3.01
3.27
3.32
3.10
3.02
3.46
3.11
3.61
2.67
3.21
3.26
3.36
3.21
3.31
3.39
3.18
3.71
3.80
3.17
3.17
3.38
3.63
3.55
3.61
3.76
3.85
3.69
3.56
3.63
3.25
3.37
3.33
3.58
3.68
3.55
3.70
4.08
3.23
3.48
3.82
3.09
2.56
3.23
3.41
3.50
3.60
3.82
3.55
2.96
3.70
3.89
3.17
3.76
3.55
3.78
3.94
3.60
3.60
3.72
3.63
3.48
3.43
3.81
3.43
3.43
3.44
3.57
3.49
3.89
3.90
3.56
3.03
3.77
3.49
3.95
3.72
4.06
3.76
3.76
3.63
3.29
3.49
3.98
3.69
3.69
4.07
3.73
3.03
3.48
3.76
3.24
3.83
3.34
3.52
3.49
3.44
3.99
3.77
3.42
3.37
3.55
3.13
3.35
3.71
2.45
3.12
3.90
3.55
4.00
3.34
3.56
3.78
3.47
3.21
3.48
3.60
3.50
3.48
3.76
3.13
3.53
3.75
3.77
3.33
3.18
3.88
3.03
2.99
4.21
3.43
3.63
3.92
3.15
2.90
3.71
3.39
3.37
3.59
3.59
3.60
3.67
3.57
3.85
3.32
3.22
3.44
3.10
3.19
3.65
3.74
3.75
3.29
3.36
3.54
3.03
3.56
3.63
3.83
3.60
3.48
3.64
3.16
3.58
3.56
3.62
3.24
3.28
3.50
3.65
3.19
2.86
2.88
3.23
3.79
3.54
3.58
3.35
3.59
3.52
3.42
3.50
3.48
3.66
3.60
3.44
3.68
3.47
3.84
3.49
3.36
3.45
3.83
3.42
4.05
3.41
4.02
3.88
3.37
4.06
3.59
3.44
4.06
3.79
3.71
3.94
3.43
3.31
3.64
3.57
4.07
3.49
3.78
3.20
3.39
3.01
3.63
3.33
3.56
3.57
3.92
3.99
3.01
3.06
3.19
3.47
3.57
3.12
3.18
3.11
3.71
3.66
3.69
2.75
2.94
3.40
2.74
3.14
3.20
3.01
3.98
3.07
2.88
3.15
3.38
3.23
2.91
3.54
3.79
3.67
3.14
3.82
3.73
3.18
3.82
3.81
3.45
3.04
3.34
3.81
3.57
3.66
3.66
3.33
3.41
3.62
3.28
3.37
3.46
3.73
3.63
3.27
3.79
3.55
3.45
3.70
2.98
3.47
3.57
3.48
4.01
3.26
4.09
3.28
3.18
3.58
3.38
3.61
3.73
3.79
3.70
3.56
3.50
3.30
3.23
3.15
3.61
3.76
3.38
3.34
3.71
3.65
4.01
3.94
4.49
3.77
3.71
4.01
3.79
3.57
4.24
3.28
3.33
4.03
4.17
3.73
3.79
3.63
4.05
3.75
3.49
3.13
3.40
3.72
3.24
3.50
3.53
3.18
3.28
3.25
3.58
3.65
3.11
3.25
3.16
3.21
3.37
3.32
3.64
3.49
3.67
3.70
3.57
3.45
3.66
3.39
3.76
2.90
3.05
3.51
3.41
3.24
3.39
3.25
3.10
3.76
3.43
3.55
4.20
3.97
3.37
3.54
3.62
3.55
3.13
3.61
3.37
3.28
3.43
3.35
3.56
3.65
4.10
4.00
3.88
3.92
3.91
3.55
3.14
3.61
3.23
3.26
3.29
3.54
3.44
4.09
4.00
3.46
3.37
2.82
3.55
3.37
3.98
3.14
3.64
3.45
3.19
3.31
3.46
3.87
3.21
3.31
2.86
3.67
3.21
3.01
2.81
3.02
3.27
3.46
3.59
3.67
3.75
3.20
2.95
3.20
3.27
3.61
3.43
3.34
3.41
3.76
3.68
3.75
3.37
3.47
3.38
3.35
2.96
3.39
3.40
3.44
2.86
3.41
3.58
3.64
3.79
3.40
3.94
3.14
3.48
3.84
3.34
3.63
3.41
2.86
3.76
3.40
3.75
3.48
3.38
3.90
3.19
3.22
2.97
3.75
4.04
3.74
3.16
3.42
3.45
3.44
3.52
3.44
3.37
3.70
3.47
3.34
3.66
3.65
2.86
3.54
3.48
3.67
3.93
3.23
3.18
3.03
2.98
3.33
3.42
3.54
3.89
3.96
3.47
3.15
3.39
3.08
3.47
3.25
3.42
3.13
3.90
3.52
3.67
3.39
3.65
3.15
3.59
3.67
3.36
3.95
3.21
3.26
3.51
3.87
3.76
3.47
3.15
2.28
2.76
3.02
3.37
4.00
3.20
3.50
3.84
3.64
3.90
3.74
3.73
3.23
3.33
3.32
3.78
3.41
3.65
3.38
3.38
3.70
3.63
3.58
3.48
3.36
3.07
3.68
3.46
3.40
3.72
3.25
3.61
3.48
3.14
3.55
3.73
2.90
3.34
3.30
3.47
3.39
3.19
3.26
3.44
3.41
3.19
3.40
3.58
3.27
3.42
3.81
3.29
3.51
3.26
3.50
3.73
3.40
4.11
3.60
4.48
3.38
3.43
3.48
3.57
3.36
3.33
3.39
3.59
3.39
2.91
2.92
3.52
3.41
3.13
3.00
3.47
3.92
3.35
2.78
2.90
3.61
3.81
3.07
3.58
3.21
3.69
3.70
3.46
3.62
3.54
3.35
3.68
3.61
3.47
3.30
3.18
3.40
3.27
3.68
3.19
3.45
3.70
3.08
3.01
3.20
3.20
3.55
3.02
2.96
3.41
3.51
3.29
3.19
3.53
3.16
2.97
3.56
2.72
2.94
3.16
3.60
3.30
3.63
3.35
3.73
3.19
3.20
3.20
3.59
3.32
2.98
3.13
2.88
3.64
3.38
3.39
2.89
3.05
3.51
2.14
3.32
3.38
2.80
2.29
3.17
3.18
3.25
3.35
3.52
3.48
3.95
3.21
3.55
3.50
3.21
3.34
3.75
3.94
3.34
2.86
3.55
3.09
3.52
3.00
3.51
3.58
3.51
3.62
3.22
3.79
3.48
3.14
3.49
3.90
3.52
2.93
3.52
3.51
2.78
3.92
3.56
2.94
3.96
3.48
4.08
3.69
4.16
4.01
3.79
4.28
3.71
3.88
4.02
3.94
4.07
3.04
2.97
3.24
3.53
3.07
3.88
3.62
3.63
3.79
3.52
3.97
4.13
3.73
4.06
2.92
3.97
3.78
4.23
3.68
3.66
3.91
3.87
3.95
3.90
4.19
3.50
3.70
3.94
3.88
3.77
3.59
2.83
3.81
3.43
3.70
3.55
3.31
3.48
3.89
3.92
3.78
3.40
3.72
4.21
3.88
3.64
3.94
3.71
3.61
3.84
4.18
3.29
4.02
3.57
3.34
3.19
4.22
4.04
3.78
4.07
4.05
4.12
3.83
3.50
3.52
3.21
3.37
3.35
3.46
3.23
3.47
3.58
3.66
3.65
3.68
3.78
3.52
3.74
3.54
4.06
3.34
3.75
2.43
3.81
3.40
3.67
3.16
3.18
3.44
3.32
3.15
3.95
3.44
3.28
3.21
3.34
3.22
3.33
3.27
3.26
3.48
3.20
3.06
3.11
3.57
3.56
3.29
3.55
3.99
3.31
3.20
3.23
3.44
3.41
3.34
3.39
2.98
3.09
3.24
3.18
3.05
3.59
3.46
3.08
3.64
3.26
3.92
3.01
3.43
3.42
3.81
3.24
3.83
3.44
3.41
3.47
3.32
3.96
3.56
3.90
3.24
3.73
3.62
3.73
3.73
3.36
3.26
3.56
2.96
3.77
3.78
3.24
3.27
3.79
3.02
3.65
3.53
3.51
3.44
3.42
2.94
3.20
2.95
3.82
3.54
3.20
3.32
3.85
3.96
3.82
3.24
3.47
3.13
3.16
3.59
3.51
3.25
3.27
3.83
3.11
3.33
3.28
3.33
3.33
3.55
3.44
3.21
3.50
3.34
3.39
3.61
3.68
3.40
4.18
3.56
3.49
3.96
3.38
3.35
3.29
3.52
3.21
3.55
3.46
3.82
4.01
3.39
3.08
3.95
3.23
3.58
3.47
3.31
3.54
3.91
3.53
3.51
3.69
3.82
3.62
3.65
3.51
3.81
3.50
3.31
3.66
3.45
3.65
3.75
3.25
3.21
3.33
2.74
3.15
3.66
3.68
3.54
3.51
3.44
3.23
3.51
3.24
3.31
3.47
3.44
3.38
3.69
3.23
3.40
3.41
3.48
3.63
3.43
3.82
3.05
3.55
2.80
3.70
2.98
3.15
3.19
3.66
3.27
3.72
3.55
3.23
3.65
3.81
3.47
3.70
3.34
3.88
3.27
3.86
3.51
3.83
3.25
3.04
3.67
3.42
3.31
3.27
3.43
3.34
3.13
3.24
3.54
3.42
3.42
3.41
3.48
3.36
3.50
3.73
3.64
3.47
3.73
3.10
3.26
3.66
3.53
3.48
3.67
3.38
4.01
3.64
3.45
3.67
3.55
3.43
3.77
3.54
3.82
3.46
3.64
3.48
3.06
3.36
3.18
3.49
2.97
3.27
3.22
3.11
3.13
3.20
3.65
3.26
3.15
3.96
3.45
3.24
3.18
3.69
3.83
4.17
3.31
3.11
3.42
3.20
3.24
3.26
3.51
3.50
2.96
3.29
3.39
3.79
3.74
3.69
3.81
3.33
3.04
3.10
3.38
3.18
3.52
3.70
3.35
3.20
3.33
3.38
3.38
3.72
3.35
3.09
3.35
2.77
3.47
3.86
3.64
3.13
3.11
3.77
3.59
3.40
3.24
3.20
1.65
3.18
2.80
2.90
3.46
3.02
3.55
3.65
3.56
3.78
3.52
3.79
2.99
3.22
3.44
3.64
3.40
3.52
3.34
3.06
3.35
3.25
3.24
3.11
3.37
3.03
3.29
2.56
2.93
3.93
3.03
3.20
3.00
3.29
3.16
3.51
3.57
3.25
3.40
3.24
3.36
3.16
3.08
2.93
3.26
3.64
3.66
3.39
3.21
3.49
3.24
3.29
3.04
3.14
3.15
3.68
3.88
3.64
3.57
3.72
3.83
3.45
3.60
3.50
3.75
2.88
3.29
3.18
3.85
3.59
3.59
3.74
3.42
3.89
3.76
3.30
3.47
3.49
3.51
3.46
3.54
3.96
3.19
3.76
3.90
4.11
3.37
3.75
3.37
3.48
3.39
3.53
3.43
3.34
3.53
3.84
3.60
3.53
3.40
3.69
3.08
3.88
3.71
3.70
4.26
3.30
3.47
3.46
3.39
3.32
3.10
3.29
3.55
3.64
3.39
3.21
3.63
3.56
3.12
3.20
3.52
3.31
3.68
3.61
3.48
3.24
3.48
3.58
3.57
3.78
3.68
3.71
3.42
3.13
3.44
3.19
3.61
3.42
2.78
3.72
3.65
3.45
3.48
3.08
3.70
3.03
3.25
3.17
2.90
3.74
3.39
3.06
2.83
3.51
3.49
3.29
3.59
3.47
3.47
3.64
3.72
3.23
3.15
2.92
3.17
3.52
3.32
3.10
2.75
3.50
3.69
3.06
3.49
3.79
3.90
3.19
3.70
3.26
3.94
3.62
3.38
3.59
3.88
3.51
3.47
3.69
3.53
3.56
3.33
3.40
4.04
3.78
3.21
3.57
2.83
3.43
3.48
3.53
3.11
3.88
3.89
3.72
3.97
3.89
3.63
3.78
3.36
3.53
3.80
3.58
3.23
3.34
3.65
3.26
3.85
3.82
3.42
3.76
3.49
3.71
3.69
2.92
2.65
3.01
3.73
2.14
3.18
3.02
2.98
3.36
3.21
2.84
3.27
2.67
3.01
2.65
3.68
2.90
3.01
3.10
3.29
3.56
3.19
3.41
3.71
3.30
3.58
3.72
3.76
3.64
3.79
3.75
4.18
3.19
3.14
3.58
3.28
3.07
3.37
3.30
3.09
3.35
3.29
3.33
3.35
3.35
3.76
3.48
3.38
3.52
3.43
3.10
3.60
3.40
3.15
3.11
3.34
3.01
3.14
3.17
2.90
3.14
3.09
3.55
4.08
3.81
3.35
3.65
3.21
3.17
3.44
2.98
3.73
3.67
3.56
3.57
3.33
3.37
3.55
3.57
3.31
3.28
3.17
2.96
3.03
3.44
3.72
3.55
3.49
3.05
2.98
3.21
2.65
3.36
3.18
3.50
3.48
2.94
3.38
3.78
3.57
3.48
3.64
3.40
3.31
3.72
3.34
3.48
2.97
3.38
3.42
3.09
3.17
3.35
3.30
3.35
3.23
3.34
3.54
3.69
3.08
3.44
3.43
3.57
3.30
3.80
3.05
3.85
4.12
3.14
4.00
3.48
3.64
3.58
3.06
3.21
3.40
3.15
3.33
3.46
3.54
2.87
3.41
3.94
3.73
3.66
3.32
3.36
3.24
3.45
3.37
3.29
3.58
3.50
3.34
3.36
3.52
3.39
3.33
3.08
3.16
3.45
3.33
3.46
3.16
3.27
3.08
3.08
3.33
3.16
3.34
3.24
3.15
3.27
3.20
3.30
3.79
3.22
3.48
3.39
3.63
3.21
2.93
3.12
3.23
3.69
3.05
3.68
3.59
3.48
3.43
3.62
3.42
3.12
3.47
3.12
3.10
3.38
3.30
3.62
3.59
3.76
2.68
3.40
3.38
3.14
2.79
4.35
2.71
3.25
3.01
3.36
3.53
3.49
2.96
3.12
3.43
3.37
3.68
3.29
3.36
3.92
3.33
3.40
3.74
3.26
3.04
3.44
3.30
2.72
3.15
2.90
2.93
3.30
3.31
3.11
3.15
3.15
3.91
3.47
3.64
3.68
3.62
2.88
3.09
3.62
3.39
3.45
4.18
3.83
3.58
3.55
3.77
3.86
3.38
2.92
2.81
2.99
3.35
3.13
3.23
3.43
3.28
3.53
3.40
3.65
3.37
3.23
3.46
2.77
3.28
3.14
3.66
3.31
3.36
3.52
3.41
3.34
3.35
3.68
3.37
3.61
3.21
3.17
3.27
3.56
4.02
3.78
3.05
3.88
3.67
3.43
3.49
3.35
3.18
3.28
3.27
3.90
3.66
3.04
3.37
3.57
2.95
3.31
3.20
4.14
3.04
3.07
2.82
3.13
3.54
3.32
3.61
3.58
3.22
3.75
3.08
3.77
3.64
4.22
3.49
3.76
3.89
4.01
3.57
3.41
3.67
3.93
3.68
3.71
3.52
3.34
3.66
3.88
3.91
4.14
3.35
3.36
3.86
3.24
3.41
3.89
3.83
3.89
3.93
3.59
3.63
3.51
3.60
4.14
3.54
3.47
3.28
3.51
3.55
3.19
4.03
3.69
3.12
3.70
3.82
3.42
3.40
3.81
3.20
3.93
3.49
3.41
3.36
3.32
2.91
3.57
3.04
3.36
3.39
3.38
3.66
3.30
3.56
4.03
3.48
3.36
3.55
3.38
3.52
3.56
3.23
3.75
3.36
3.98
3.27
3.76
3.54
2.81
3.18
3.35
3.50
3.35
3.00
2.75
3.45
2.95
3.84
3.22
3.36
3.91
3.30
3.65
3.79
3.20
2.77
3.53
4.00
3.39
3.30
3.56
3.47
3.56
3.35
2.96
3.17
3.43
3.21
3.79
3.51
3.61
3.64
3.80
3.25
3.26
3.19
3.31
2.98
3.37
3.05
2.84
3.46
3.15
3.47
3.21
3.28
3.30
3.63
3.68
3.30
3.02
3.42
3.51
3.72
3.58
3.69
3.23
3.27
2.95
3.13
3.15
3.67
3.63
3.14
3.37
2.96
2.97
3.28
3.17
3.66
2.83
3.12
3.00
3.26
3.04
2.94
3.48
3.66
3.05
3.41
3.26
3.26
3.15
3.73
3.49
3.56
3.57
2.97
3.08
3.14
3.23
3.69
3.73
3.33
3.03
3.04
3.34
3.48
3.56
3.54
3.74
3.00
3.29
3.09
2.92
3.59
3.19
3.00
3.34
3.46
3.16
3.37
3.53
3.26
3.82
3.91
3.85
3.02
3.88
3.35
3.64
3.48
3.59
3.47
4.06
3.60
3.96
3.43
3.55
3.53
3.71
3.19
3.55
3.58
3.71
3.91
3.59
3.72
3.58
3.17
3.37
3.46
3.15
3.22
3.09
3.55
3.78
3.19
3.76
3.47
4.31
3.43
3.37
3.16
3.93
3.28
2.96
3.26
3.77
3.70
3.16
3.45
3.92
3.49
3.39
3.37
4.13
3.71
3.72
3.85
3.73
3.40
4.07
3.85
4.22
3.13
3.47
3.43
3.67
3.22
3.14
3.63
3.88
3.36
3.83
3.57
3.21
3.55
3.79
3.71
3.76
3.83
3.55
3.42
3.72
3.74
4.00
3.51
3.77
3.38
3.97
3.59
3.90
3.53
4.02
3.53
3.24
3.25
3.47
3.86
3.74
3.38
3.20
3.59
3.03
3.20
3.43
3.14
3.38
3.02
3.46
3.22
3.59
3.52
3.69
2.95
3.08
2.77
3.49
3.21
3.47
3.32
3.25
3.20
3.71
3.37
3.40
3.02
3.31
3.34
3.78
3.37
3.35
3.79
3.21
3.18
3.48
3.50
3.84
2.99
3.30
3.40
3.15
3.76
3.35
3.55
3.81
3.96
3.42
3.17
4.16
4.18
3.30
3.49
3.53
3.51
3.60
3.78
2.94
1.61
3.45
3.78
3.28
3.56
3.09
3.25
3.45
3.57
3.21
3.27
3.33
3.02
2.96
3.89
3.26
3.63
3.70
3.67
3.91
3.55
3.69
3.43
3.48
3.64
3.41
3.06
3.64
3.94
3.29
3.76
3.03
3.86
3.60
3.42
3.53
3.85
3.91
3.65
3.12
3.02
3.51
3.72
3.50
3.67
3.40
3.51
3.25
3.60
3.68
3.71
3.17
3.45
3.70
3.62
3.67
3.45
3.82
3.83
3.46
3.48
3.64
3.03
3.37
2.77
3.43
3.55
3.03
2.90
2.79
2.90
3.29
2.99
3.51
3.69
3.91
3.29
3.14
3.14
3.27
3.26
3.10
3.30
3.11
3.22
3.20
3.17
3.48
3.17
3.13
3.35
2.91
3.42
3.54
3.05
3.69
3.39
3.43
3.25
2.98
3.41
3.48
3.91
3.36
3.53
3.60
3.39
3.50
3.62
3.52
3.12
2.79
3.52
3.29
3.43
3.52
3.09
2.78
3.30
3.67
3.38
3.42
3.35
3.57
3.29
3.46
3.62
3.69
3.00
2.90
3.27
3.56
3.61
3.54
3.20
3.27
3.17
3.07
3.77
3.29
3.36
3.22
3.68
3.13
4.18
3.35
3.36
3.48
3.27
3.76
3.38
3.58
3.38
3.31
3.21
3.20
3.87
3.50
3.30
3.32
3.62
3.13
3.19
3.35
3.48
3.95
3.68
3.53
3.68
3.72
3.22
3.59
3.38
3.28
3.45
3.76
2.83
3.52
3.87
3.67
3.86
3.31
3.06
3.33
3.45
3.57
3.33
3.66
3.73
3.87
3.62
3.66
3.53
3.59
3.52
4.06
3.35
3.48
3.91
3.62
4.01
3.64
3.61
3.61
3.99
3.40
3.79
3.49
3.64
3.22
3.80
3.64
3.91
3.56
3.41
3.88
3.15
3.53
2.78
3.86
3.62
3.23
2.99
3.41
3.23
3.15
3.67
3.37
3.37
3.56
3.62
3.60
3.73
3.46
3.40
2.88
3.25
3.34
3.61
4.00
3.99
4.08
3.60
3.71
3.73
3.15
3.43
3.56
3.85
3.89
4.09
4.14
3.74
3.53
3.86
3.24
3.65
3.07
3.62
3.35
3.62
3.47
3.37
4.08
3.05
3.45
3.69
3.26
2.79
3.33
3.17
3.88
3.20
3.33
4.03
3.52
3.64
3.64
3.59
3.12
3.80
3.51
3.37
2.58
3.50
2.56
2.08
2.73
2.61
2.82
2.48
3.90
2.84
2.51
3.70
3.40
3.77
3.59
3.33
3.17
3.37
3.97
3.59
3.23
3.16
3.27
3.34
3.51
3.03
3.39
2.96
2.92
3.27
3.16
3.11
3.15
2.72
3.15
3.19
3.32
3.33
3.26
3.36
3.27
3.57
3.31
3.41
2.78
3.16
3.36
3.53
3.57
3.56
3.58
3.35
3.39
3.38
3.31
3.17
2.74
4.25
3.64
3.74
4.16
3.84
3.76
3.63
3.39
3.61
3.38
3.38
3.87
3.53
3.65
3.23
3.38
3.20
3.58
2.87
2.87
3.51
3.29
3.59
3.42
3.19
3.44
3.55
3.25
3.54
3.33
3.74
3.73
3.39
3.52
3.53
3.63
3.66
3.29
3.21
2.75
3.74
2.89
3.40
3.71
3.63
3.59
3.48
3.03
3.30
3.61
3.09
3.22
3.67
2.97
3.61
3.06
3.47
3.39
2.79
3.38
3.51
3.22
3.20
3.52
3.37
2.30
2.79
3.12
3.54
3.35
3.11
2.61
3.33
3.30
3.24
3.22
3.66
3.17
3.04
3.35
3.74
3.83
3.46
3.58
3.68
3.19
3.90
3.29
3.32
3.76
3.51
3.65
3.75
3.69
3.39
2.92
3.95
3.98
3.28
2.94
3.05
3.03
3.06
3.27
3.02
2.90
3.28
3.15
3.62
4.09
3.62
3.48
3.39
3.21
3.28
3.68
4.01
3.39
3.27
3.18
3.51
3.95
3.49
3.41
3.57
3.49
3.69
3.92
3.16
3.71
3.69
3.88
3.59
4.02
3.88
3.88
3.75
3.95
3.68
4.06
3.96
3.31
3.51
4.07
3.93
3.30
3.46
3.64
3.67
3.64
3.75
3.32
3.01
3.48
3.91
3.50
3.80
2.96
3.08
3.49
2.97
3.28
3.84
3.21
3.42
3.40
3.28
2.92
3.51
3.75
3.89
3.92
3.76
3.65
3.44
3.52
3.25
3.46
3.27
3.18
3.09
3.73
3.17
3.85
3.54
3.38
3.20
3.60
3.50
3.27
2.95
3.25
3.12
3.06
3.38
2.98
2.82
3.35
3.69
3.62
3.52
4.11
3.69
3.66
4.02
4.03
4.12
3.49
4.00
3.70
3.32
3.49
3.83
3.61
3.25
3.13
3.65
3.22
3.76
3.54
3.43
3.88
4.03
4.03
3.93
3.74
3.99
3.49
3.49
3.67
3.40
3.04
3.59
3.51
3.04
3.23
3.83
3.76
3.71
3.59
3.50
3.60
3.80
3.21
3.55
3.46
3.35
3.91
3.71
3.62
3.62
3.32
4.07
3.76
3.38
3.37
3.33
3.52
3.06
3.22
3.23
3.52
3.63
3.19
3.19
2.91
3.34
2.93
3.14
3.19
3.49
3.68
3.82
2.97
3.26
3.72
3.76
2.94
3.20
3.27
3.71
3.31
3.43
3.66
3.98
3.66
3.77
4.00
2.50
2.00
1.92
2.17
2.26
2.42
2.45
2.21
2.10
2.79
2.13
2.43
2.46
2.54
2.67
2.11
2.60
2.51
2.46
2.19
2.13
2.44
2.50
2.12
2.61
2.25
2.91
2.24
2.70
2.17
2.83
2.10
2.44
3.50
3.94
3.19
3.26
3.37
3.36
4.23
3.45
3.48
3.13
3.24
3.83
3.52
3.44
3.37
3.25
3.33
4.03
3.33
3.44
3.53
3.75
3.45
3.14
3.31
3.70
3.89
3.25
3.35
3.15
3.27
3.12
3.34
3.18
3.42
3.34
3.76
3.71
3.92
3.62
3.35
3.42
3.05
3.43
3.18
3.58
3.65
3.28
3.03
3.60
2.87
3.18
4.07
3.59
3.29
3.72
3.75
3.70
2.40
3.14
3.52
3.88
3.85
3.50
3.85
3.40
3.84
3.49
3.97
3.76
3.52
3.44
3.63
4.21
2.44
3.23
3.15
3.24
3.28
2.98
3.18
3.35
3.04
2.94
3.32
3.00
3.45
3.22
3.28
3.67
3.41
3.41
3.86
2.98
3.32
3.81
3.92
3.17
3.24
3.46
3.23
3.29
3.73
3.19
3.45
3.36
3.15
3.17
3.61
3.45
3.17
3.45
3.20
2.95
3.26
3.69
3.55
3.52
3.38
3.68
3.64
4.07
3.87
3.66
3.52
3.49
3.23
3.76
3.61
3.56
3.56
3.07
3.73
3.71
3.81
3.49
3.60
3.68
3.49
3.40
3.51
3.16
3.54
3.53
3.37
3.58
3.09
4.04
3.73
3.43
3.84
3.60
3.46
3.72
3.27
3.21
3.11
2.67
3.07
3.02
3.08
3.53
2.95
3.21
3.22
3.11
3.00
3.10
3.25
3.13
2.77
3.03
3.40
2.56
3.67
3.26
3.49
3.05
3.18
3.73
3.46
3.04
3.18
3.74
3.04
3.13
3.50
3.22
3.47
3.20
3.57
3.67
3.66
3.15
3.39
3.38
3.16
3.69
3.78
3.36
3.57
3.41
3.39
3.68
3.71
3.56
3.38
3.62
3.01
2.98
3.63
3.17
3.65
3.47
3.63
3.58
3.33
3.86
3.57
3.70
3.56
3.69
3.27
3.66
3.15
3.48
3.27
3.27
3.16
3.13
3.68
2.87
3.66
3.92
2.64
3.38
3.63
3.57
3.89
3.60
3.56
3.51
3.49
2.93
3.48
3.41
3.43
3.49
3.16
3.45
3.20
3.30
3.01
3.27
3.38
3.11
2.93
3.70
3.36
3.04
3.44
2.89
2.89
3.22
3.18
3.31
3.54
3.57
3.35
3.16
2.97
2.92
3.31
3.67
3.07
3.10
3.26
3.61
3.97
3.37
4.09
3.61
3.54
3.75
3.04
4.10
3.27
3.52
3.08
3.66
3.13
3.04
3.62
3.32
3.56
3.22
2.92
3.08
2.89
3.53
3.62
3.29
3.30
3.06
3.16
3.49
3.50
3.23
3.47
3.59
3.09
3.59
3.21
3.49
2.88
3.48
3.59
3.01
3.53
3.44
3.38
3.17
2.86
3.01
3.15
3.15
3.35
3.26
2.99
2.99
3.29
3.64
3.62
3.45
3.49
3.86
3.47
3.41
3.22
3.39
3.29
3.31
3.30
3.05
2.98
3.47
3.60
3.25
2.95
3.70
3.32
3.37
3.20
3.53
3.12
3.68
2.83
2.97
3.67
3.31
3.33
3.15
3.50
3.89
3.46
4.02
3.50
3.48
3.62
3.74
3.22
3.46
3.50
3.72
3.42
3.44
3.21
3.70
3.66
3.64
3.23
3.37
3.33
3.18
3.91
3.89
4.08
3.69
3.85
3.61
3.62
3.50
3.62
3.47
1.58
3.64
3.69
3.32
3.33
3.19
3.15
2.86
3.27
3.30
3.20
3.55
3.88
3.24
3.39
2.99
3.31
3.48
3.42
3.17
3.45
3.09
3.20
3.45
3.36
3.39
3.26
3.80
3.22
3.67
3.72
4.00
3.23
3.05
2.68
3.26
3.27
3.44
2.39
3.43
3.64
3.31
3.99
3.86
3.33
3.69
3.42
3.66
3.26
3.35
3.83
3.99
3.26
3.12
3.48
3.05
3.36
4.01
3.83
3.85
3.02
3.61
3.83
3.51
3.75
3.36
3.83
3.68
3.37
3.50
3.59
3.94
3.72
3.42
3.16
3.62
3.69
3.59
3.66
3.48
2.10
3.11
3.10
3.21
3.27
3.30
3.81
3.70
3.37
3.16
3.72
3.15
3.97
3.77
3.35
3.83
3.72
3.55
3.57
3.39
3.80
3.03
4.17
3.88
3.61
3.12
3.44
3.43
3.58
3.36
3.01
3.67
3.63
2.25
3.43
3.32
3.22
3.26
2.75
3.12
3.51
3.06
2.79
3.30
3.02
2.85
3.59
3.13
3.57
3.08
3.54
2.86
3.34
3.20
3.08
2.98
2.97
3.26
3.35
3.25
3.45
3.49
3.25
3.42
3.44
3.26
3.29
3.19
3.32
3.08
3.45
3.11
2.83
3.25
2.95
3.42
3.80
3.66
3.21
3.50
3.55
4.11
3.45
3.48
3.71
3.28
3.31
3.36
3.40
3.24
3.25
3.32
3.41
3.34
3.44
3.23
3.69
2.87
2.62
2.47
2.94
3.28
3.33
3.61
2.69
3.25
3.61
3.26
3.34
3.44
3.80
4.06
3.50
3.48
3.40
3.43
3.39
3.14
3.74
3.33
3.11
2.00
3.33
2.95
3.59
3.55
3.07
3.31
3.05
2.87
2.99
3.62
3.74
3.24
3.14
3.10
3.47
3.74
3.33
3.66
3.87
3.49
3.81
3.14
3.06
3.68
3.60
3.14
3.38
3.29
3.50
3.21
3.65
3.35
3.03
3.14
3.41
3.59
3.13
3.47
3.16
3.83
3.09
3.24
3.73
3.44
3.59
3.66
3.10
2.97
3.58
4.16
3.72
3.48
3.82
3.18
3.24
3.84
3.51
3.94
3.61
3.52
3.46
3.21
3.94
3.74
3.63
3.56
3.88
3.12
3.46
3.65
2.99
3.51
3.03
3.42
3.78
3.94
4.03
3.84
3.89
3.75
3.52
3.34
3.59
2.85
3.00
3.49
3.59
3.57
3.75
3.37
3.53
3.64
3.73
3.44
3.69
3.81
3.71
3.68
3.36
3.41
3.72
3.44
3.31
3.69
3.23
3.66
3.36
3.56
3.80
3.47
3.92
3.29
3.49
3.04
3.31
3.22
3.49
4.03
3.55
3.30
3.56
1.87
3.37
3.32
3.45
3.32
3.60
3.61
3.36
3.48
3.67
3.86
3.38
3.46
3.10
3.44
3.48
3.26
3.40
3.57
3.38
3.35
3.18
3.37
3.78
3.28
3.44
3.57
3.84
3.18
3.30
3.36
3.02
3.31
3.09
3.34
3.68
3.52
3.58
3.19
3.51
3.45
3.21
3.09
3.47
3.28
2.99
2.92
3.65
3.37
3.55
3.27
3.34
3.13
3.26
3.13
2.98
3.17
3.65
3.30
3.39
2.87
3.35
3.34
3.13
3.21
3.73
3.24
3.82
3.50
3.26
3.46
3.39
3.76
3.74
3.39
3.52
3.29
3.63
3.44
3.36
3.21
3.51
2.94
3.78
3.31
3.53
2.89
3.21
3.54
3.40
2.93
3.48
3.86
3.24
3.63
3.18
3.21
3.05
3.65
3.25
3.22
3.56
2.97
3.68
3.53
3.64
3.51
3.53
3.50
3.54
3.10
3.20
3.24
3.34
3.65
2.80
3.34
3.09
2.98
2.70
3.40
3.19
3.49
3.31
3.11
3.07
3.48
3.10
3.09
3.39
3.17
3.21
3.38
3.63
3.73
3.38
2.95
3.08
3.13
3.20
3.21
3.26
3.46
3.92
2.84
3.48
3.52
3.58
3.85
3.17
3.35
2.65
3.34
3.79
3.45
3.73
3.34
3.24
3.63
3.43
3.72
3.69
3.33
3.38
3.14
3.47
3.47
3.53
3.49
2.99
3.69
3.45
3.17
3.49
3.08
3.66
3.18
3.32
3.25
3.54
3.99
3.61
3.53
3.27
3.48
3.05
3.43
3.48
3.44
3.24
3.93
3.97
3.89
3.37
3.89
3.94
3.68
3.91
4.09
3.76
4.37
3.92
3.66
3.82
3.16
3.36
3.61
3.56
3.52
4.24
3.96
4.46
4.28
3.75
4.04
3.40
3.62
4.00
3.90
3.34
3.49
3.21
3.72
3.70
3.68
3.90
3.77
3.48
3.44
4.17
3.93
3.64
3.84
3.14
3.28
3.65
3.54
3.61
3.88
2.38
3.77
3.54
3.17
2.27
2.97
3.19
3.71
3.53
3.70
3.06
3.44
3.22
3.50
3.67
3.24
3.33
3.55
3.17
3.46
3.84
3.29
2.97
3.14
3.15
3.53
3.53
3.42
3.49
3.18
3.12
3.44
3.70
3.12
3.18
3.23
3.30
3.34
3.41
3.07
3.26
3.76
3.67
3.79
3.77
3.77
3.50
3.36
3.69
3.72
3.52
3.70
3.41
3.44
3.96
3.68
3.12
3.53
3.47
3.37
3.30
3.35
3.19
3.31
3.43
3.33
3.28
3.61
3.42
3.42
3.90
3.26
3.63
3.87
3.22
3.67
3.33
3.74
4.01
3.62
3.99
3.57
3.82
3.57
3.50
3.88
4.21
4.11
3.45
3.66
3.53
3.61
3.46
3.94
4.18
3.23
3.73
3.98
3.38
3.41
3.48
3.44
4.10
3.85
3.58
3.99
3.75
3.61
3.27
3.28
3.73
3.82
3.89
3.92
3.64
4.11
2.99
2.44
3.37
3.48
3.14
2.97
3.97
3.54
4.02
3.11
3.66
3.65
3.73
3.41
3.64
4.01
3.65
4.13
3.77
3.92
4.35
3.71
4.24
3.77
3.45
4.00
4.09
4.13
3.81
3.44
3.87
3.79
3.65
3.72
3.82
3.80
4.08
3.61
3.49
3.48
3.67
3.80
3.44
4.29
3.00
3.43
3.47
3.58
3.37
3.16
4.02
4.01
4.03
4.04
3.33
3.29
2.91
3.49
3.19
3.71
3.44
3.72
3.58
3.64
4.07
3.55
3.66
3.44
3.62
3.58
3.72
4.23
3.99
3.66
3.74
3.91
3.54
3.33
3.77
3.92
3.57
3.44
3.41
2.94
3.39
3.13
3.42
3.57
3.51
3.76
3.56
3.40
3.32
3.76
3.68
3.94
3.66
3.17
3.76
3.22
3.42
3.46
3.60
2.91
3.32
2.66
3.26
3.45
3.91
3.32
3.61
3.04
3.41
3.14
3.34
3.36
3.81
3.24
3.60
3.74
3.90
3.98
3.41
3.09
3.72
3.67
4.03
3.37
3.52
3.15
2.98
3.29
3.24
3.26
3.46
3.44
3.19
3.19
3.39
3.56
3.21
3.41
3.75
3.61
3.40
3.66
3.52
3.17
3.71
3.76
3.82
3.74
3.38
3.34
3.47
3.41
3.33
3.26
3.46
3.07
3.67
3.78
3.44
3.37
3.00
3.60
3.29
2.96
3.36
3.23
3.22
3.19
3.94
3.21
3.19
2.51
3.79
3.97
3.74
3.86
3.75
3.08
3.74
3.85
3.50
4.35
3.50
3.22
3.64
3.47
3.62
4.07
3.58
3.71
3.62
3.58
3.68
3.51
3.61
3.53
3.83
3.86
3.74
3.79
3.92
3.67
3.85
4.06
3.72
4.21
3.32
3.92
3.60
4.12
3.91
3.92
3.78
4.17
3.84
3.92
4.21
3.77
3.50
3.27
3.42
3.51
3.51
3.71
3.61
2.99
3.50
3.50
3.21
3.09
3.26
3.12
3.23
3.47
3.27
3.26
3.32
3.65
3.33
2.85
2.96
3.15
3.47
2.82
3.24
2.75
3.09
3.34
2.94
3.36
3.39
3.43
2.94
3.15
3.31
3.23
3.42
3.65
3.28
3.75
3.95
3.62
3.06
3.90
2.76
3.26
3.21
3.20
3.52
3.31
3.50
3.33
2.51
3.56
3.28
3.28
2.99
3.47
3.63
3.47
3.60
3.83
3.01
3.31
3.51
3.56
3.28
3.57
3.04
3.84
3.44
3.43
3.25
3.64
3.54
3.36
3.84
3.12
3.39
3.09
2.90
3.31
3.16
3.09
3.74
3.12
3.33
2.61
3.40
3.38
3.43
3.68
3.69
3.63
3.61
3.63
3.52
3.64
3.41
3.88
3.65
3.69
3.73
3.53
3.66
3.54
3.37
3.29
3.40
3.27
3.59
2.29
3.18
3.27
3.41
3.82
3.55
3.69
3.84
3.66
3.64
3.82
3.59
2.98
2.89
3.16
3.36
3.92
3.64
3.86
3.27
3.83
3.89
3.11
3.53
3.22
3.70
3.59
3.21
3.38
2.87
3.52
3.80
3.29
3.76
3.27
3.83
3.32
3.60
3.51
3.18
3.06
3.33
3.38
3.48
3.45
3.37
3.70
3.43
3.49
3.23
3.15
3.19
2.54
3.34
3.35
2.80
3.00
3.11
3.37
2.72
3.46
3.23
3.42
3.14
3.22
3.12
3.81
3.67
3.67
3.60
3.54
3.02
3.48
3.64
3.78
3.82
3.77
3.55
4.10
3.53
3.40
3.99
3.15
3.21
3.68
3.47
3.55
3.52
3.39
3.39
3.62
2.85
3.92
3.45
2.71
3.50
3.43
3.76
3.60
3.22
3.62
3.66
3.62
3.31
3.60
3.62
3.77
3.67
2.89
3.30
3.37
3.40
3.20
3.63
3.99
3.59
3.38
3.82
3.99
4.30
3.95
3.77
3.16
3.23
3.56
3.83
3.80
3.23
3.82
3.29
3.44
3.61
3.87
3.76
3.63
3.51
3.61
3.58
3.70
3.21
3.56
3.44
2.97
3.04
3.21
3.83
3.66
3.95
3.45
3.33
2.85
3.15
3.54
3.57
3.96
3.21
3.32
3.30
3.63
3.18
3.38
3.51
3.10
3.67
3.46
3.71
3.38
2.96
3.32
3.52
3.86
3.54
3.18
3.53
3.61
3.45
3.85
3.14
3.33
3.30
3.36
3.33
3.14
3.62
3.84
3.52
3.87
3.60
3.57
3.75
3.44
3.45
3.08
2.79
3.58
3.84
3.41
3.40
3.91
3.85
3.60
3.63
3.42
3.15
3.90
3.52
3.40
3.67
3.61
3.08
3.74
3.78
3.19
3.65
3.62
3.68
3.26
3.46
3.43
3.56
3.49
3.36
3.64
3.45
3.63
3.44
3.53
3.48
3.76
3.81
4.00
3.58
3.12
3.53
3.86
3.86
4.26
4.08
3.61
3.75
3.94
3.87
3.92
3.74
4.00
4.01
3.35
3.52
3.40
3.74
3.81
3.79
3.58
3.63
3.85
3.83
3.01
3.41
3.28
3.22
3.40
3.32
3.56
3.43
3.63
2.88
3.77
4.20
3.75
3.58
3.01
2.98
3.81
3.41
3.45
3.91
3.51
3.39
3.76
3.71
3.95
3.91
3.94
3.38
3.70
2.81
2.88
3.56
3.55
4.27
3.93
3.74
3.73
3.10
3.67
3.58
3.45
3.71
3.51
3.34
3.52
3.84
3.67
4.06
3.39
3.20
3.85
3.21
3.68
3.37
3.02
3.85
3.70
3.74
3.38
4.27
3.37
3.43
3.33
3.74
3.41
3.40
4.10
3.48
3.38
3.26
3.44
3.31
3.81
4.27
3.15
2.77
3.11
3.13
3.35
3.45
3.29
2.77
3.67
3.63
3.02
3.76
3.36
2.90
3.48
3.71
3.27
3.86
3.78
3.32
3.67
3.54
3.84
3.70
3.38
3.27
3.57
4.08
3.64
3.45
3.36
2.44
3.51
3.45
3.44
3.65
3.73
3.41
3.79
3.79
3.02
3.44
3.46
3.41
3.96
3.59
3.84
4.05
3.97
4.06
3.78
3.23
4.03
3.59
3.52
3.66
3.52
3.65
3.90
3.34
3.45
3.77
4.04
3.45
3.87
3.77
3.53
3.67
3.81
3.76
3.72
3.38
3.91
3.79
3.78
3.61
3.42
3.07
3.33
3.32
3.06
3.45
3.51
3.94
3.91
3.98
3.42
3.46
3.80
3.62
3.43
3.84
3.80
3.68
3.79
3.55
3.07
3.74
2.70
3.62
3.39
3.49
3.14
3.49
3.29
3.53
3.62
3.78
3.86
3.41
3.56
3.74
3.46
3.34
3.52
3.65
3.25
3.51
3.33
4.09
3.78
3.79
3.55
3.31
3.15
3.32
3.61
3.49
3.71
3.64
3.45
3.80
3.23
3.29
3.30
3.29
3.42
3.39
3.36
2.91
3.39
3.10
3.20
3.47
3.25
3.33
3.07
3.31
3.36
3.35
3.22
3.40
3.41
3.24
3.99
3.35
3.36
3.32
3.35
3.22
3.19
3.62
3.92
3.52
3.13
3.73
3.27
3.34
3.46
3.53
3.03
3.06
3.15
4.18
3.40
3.09
3.30
3.38
3.43
4.14
2.87
2.96
3.50
3.52
3.31
3.62
3.64
3.02
3.48
3.70
3.72
3.01
3.08
2.83
3.36
3.74
3.56
3.09
3.73
3.49
2.92
3.16
3.80
3.32
3.34
3.51
3.64
3.79
4.01
3.12
3.59
3.82
3.51
3.07
3.49
3.22
3.53
3.26
3.75
3.66
3.51
3.39
3.32
3.71
3.58
3.40
3.22
3.47
3.98
3.46
3.84
3.25
3.67
3.61
3.69
3.53
4.45
4.31
3.66
3.52
3.46
3.64
3.74
3.58
3.44
3.65
3.47
3.41
2.84
3.39
3.38
3.91
3.15
3.72
3.57
3.68
3.23
3.69
3.46
3.51
4.14
3.81
2.97
3.25
3.70
3.62
3.74
4.06
4.33
3.95
3.04
3.74
3.88
3.37
3.32
3.69
3.38
3.96
3.64
4.17
2.92
3.40
3.36
3.35
3.43
3.68
3.71
3.67
3.51
3.75
3.44
3.47
3.44
3.20
2.86
3.28
3.79
3.35
3.17
3.32
3.98
3.64
3.19
3.72
3.41
3.66
3.81
3.84
3.63
4.14
2.86
3.30
3.53
3.26
3.60
3.42
3.61
3.39
3.41
2.75
3.34
3.11
3.62
3.42
4.04
3.79
3.88
3.97
3.70
4.00
3.73
3.80
3.77
4.00
3.54
3.80
3.44
3.15
3.69
4.06
2.95
3.38
3.34
2.78
3.85
3.87
3.39
3.58
3.85
4.11
3.72
3.06
3.48
3.78
3.45
3.68
3.28
3.13
2.45
3.72
3.21
3.40
3.41
3.35
3.59
3.29
4.12
3.53
3.11
3.44
3.22
4.00
3.53
3.23
2.93
3.59
3.96
3.53
3.56
3.72
3.85
3.54
3.71
3.25
2.99
3.55
3.54
3.49
3.45
2.91
3.86
3.75
3.24
2.88
3.83
3.40
2.55
3.04
2.96
3.11
3.10
3.91
3.55
3.55
3.16
3.52
3.56
3.23
3.02
3.29
3.09
3.21
3.11
3.06
2.97
3.15
3.07
2.98
3.34
2.53
3.22
3.43
3.48
2.95
3.41
3.40
3.36
3.09
3.30
3.51
3.10
3.34
3.19
3.10
2.80
3.47
3.32
3.23
3.25
3.59
3.22
3.47
3.05
3.20
2.89
3.06
3.74
2.99
3.15
3.47
3.56
3.73
3.17
3.39
3.40
2.81
3.36
3.38
3.52
3.18
3.04
3.35
2.99
3.46
3.42
3.06
3.77
3.53
3.35
3.40
3.16
3.41
3.48
3.27
3.16
3.83
3.78
3.97
3.62
3.94
3.86
3.48
3.87
3.63
3.92
3.51
3.98
3.73
3.66
3.09
3.39
3.03
2.75
3.64
3.65
3.72
3.18
3.22
3.48
3.21
3.91
3.75
3.38
3.77
4.01
3.11
3.49
3.58
3.65
3.93
3.35
3.90
3.49
3.48
3.90
3.57
3.21
3.82
3.39
3.41
3.71
4.01
3.46
3.74
3.33
3.75
3.60
3.79
2.82
3.63
3.64
3.68
4.07
2.19
1.98
3.23
3.42
3.80
3.36
3.64
3.69
3.26
2.96
3.54
4.01
3.84
3.60
3.59
3.87
3.57
3.64
3.42
3.50
3.52
3.22
3.81
3.60
3.53
3.03
3.82
3.53
3.68
3.97
3.84
4.26
4.04
3.92
3.55
3.52
3.72
3.39
3.61
3.55
3.63
3.53
3.56
3.20
3.84
3.46
3.77
3.92
3.91
3.51
3.97
3.34
3.47
3.90
3.64
3.52
3.90
3.64
3.84
3.51
3.62
3.99
3.71
3.51
3.61
3.61
4.05
3.50
3.45
3.97
3.73
3.67
3.66
3.82
3.83
3.85
3.38
3.25
3.84
3.38
3.65
3.52
3.40
3.63
3.95
4.12
4.06
3.74
3.95
2.98
3.58
3.85
3.87
3.38
3.61
3.45
3.54
3.59
3.54
3.47
3.75
3.61
3.53
3.73
3.46
3.54
3.70
3.32
3.60
3.46
3.35
3.15
3.87
3.37
3.40
3.68
3.75
3.89
3.56
3.71
3.39
2.95
3.33
3.20
3.61
3.58
3.52
3.50
2.93
3.11
2.42
3.03
3.56
3.61
3.43
3.67
3.58
3.83
3.97
2.37
3.21
3.51
3.80
3.66
4.40
3.35
4.01
3.81
3.50
3.84
3.83
3.70
3.14
2.79
3.31
3.31
3.33
3.39
3.29
3.67
3.75
3.73
3.08
3.24
3.35
3.50
3.83
3.02
3.62
3.54
3.48
3.48
3.62
3.47
3.46
3.26
3.87
2.74
3.05
3.69
3.42
3.33
3.17
3.01
3.35
3.36
3.37
3.71
3.76
3.96
3.79
3.33
3.48
3.37
3.44
3.59
3.62
3.64
3.68
4.00
3.50
4.14
3.50
2.79
3.72
3.48
3.83
3.84
3.93
3.68
3.90
3.62
3.56
3.54
3.40
3.64
3.24
3.67
3.57
3.54
3.04
3.27
3.07
3.20
3.40
3.12
3.45
3.42
3.26
3.25
3.25
3.46
3.32
3.55
2.90
3.49
3.34
3.53
3.55
3.53
3.80
3.18
3.16
3.23
3.13
3.60
3.28
3.61
3.51
3.72
3.46
3.44
3.28
3.37
3.09
3.70
3.54
3.68
3.29
3.60
3.44
3.45
3.72
3.41
3.26
3.64
3.24
3.68
3.84
3.88
3.95
3.34
3.41
3.64
3.65
3.02
3.14
3.57
4.00
4.03
3.43
2.97
3.38
2.98
3.22
3.88
3.72
3.67
3.53
3.80
3.13
3.47
3.78
3.48
3.76
3.19
3.81
3.45
3.17
2.93
3.36
3.26
3.91
3.44
3.94
3.49
3.64
3.18
3.03
3.60
3.58
3.72
3.22
3.65
3.69
3.59
3.81
3.89
3.91
3.59
3.52
4.01
3.39
3.63
4.11
3.92
3.36
4.24
3.88
3.79
3.68
3.91
3.75
3.29
3.82
3.52
3.89
3.53
3.46
3.52
3.89
3.85
4.13
3.54
3.63
3.84
3.72
3.40
3.90
3.33
3.29
3.37
3.30
3.46
3.44
3.76
3.51
3.35
3.26
3.20
3.51
3.00
2.91
3.05
3.09
3.73
3.10
3.07
3.60
3.29
3.38
3.54
3.22
3.44
2.88
3.03
3.64
3.05
3.50
3.26
3.50
3.38
3.14
3.17
3.55
3.41
2.91
3.29
3.32
2.75
3.56
3.15
3.03
3.38
3.41
3.49
3.53
3.28
3.07
3.54
3.19
3.21
2.89
3.61
3.03
3.35
3.36
3.10
3.17
3.16
2.87
3.20
3.88
3.52
4.02
3.75
3.11
3.70
3.87
3.26
3.29
2.96
3.58
3.10
3.08
3.49
3.60
3.21
3.30
3.25
3.56
3.61
3.73
3.48
3.68
3.81
3.05
3.58
3.50
3.03
3.56
2.79
3.25
3.65
3.44
2.97
3.75
3.28
2.98
2.96
3.89
3.07
2.97
3.42
2.90
3.20
3.73
3.15
3.53
3.66
3.70
3.98
3.62
4.06
3.80
3.44
3.81
3.65
3.39
3.64
3.21
3.54
3.37
3.55
3.85
3.76
3.97
3.65
4.18
3.84
3.72
3.98
4.14
4.12
2.21
3.42
3.24
3.32
3.40
3.34
3.47
3.72
3.68
3.86
3.93
3.60
3.73
2.79
3.68
3.82
3.45
3.64
3.64
3.75
4.02
3.67
3.21
3.28
3.38
3.65
3.40
3.50
3.67
3.15
3.74
3.53
3.40
2.77
3.50
3.71
3.40
3.55
3.98
3.75
3.92
4.09
3.66
3.75
3.50
3.53
3.60
3.29
3.73
3.39
3.62
3.68
3.32
3.76
3.79
3.57
3.64
3.77
3.74
3.50
3.96
3.42
3.50
3.36
3.91
3.73
3.55
3.31
3.39
3.39
2.99
3.27
3.75
3.58
3.13
3.40
3.20
3.60
4.01
3.89
4.12
3.98
3.13
3.93
3.60
3.09
3.56
2.80
2.97
4.01
3.68
3.18
3.73
3.67
3.86
3.98
3.55
3.73
3.47
3.51
3.35
3.58
3.55
3.27
3.91
3.75
3.33
3.32
3.78
3.67
3.09
3.57
3.32
3.70
3.48
3.01
2.82
3.46
3.50
3.18
3.24
3.51
3.44
2.96
3.51
3.78
3.10
3.55
3.66
2.97
2.92
3.72
3.29
3.40
3.56
3.23
3.39
2.90
3.12
3.00
3.33
3.02
3.71
3.02
3.06
3.39
3.31
3.45
3.59
3.02
3.70
3.15
3.43
3.92
3.56
3.92
3.29
3.17
3.84
3.41
3.40
3.49
3.78
3.30
3.56
3.55
3.70
3.53
3.76
3.73
3.86
3.47
3.33
3.51
3.53
3.32
3.56
3.80
3.66
3.50
2.97
3.56
3.57
3.75
4.00
3.91
3.49
2.51
3.90
3.46
3.48
4.21
3.58
3.56
3.11
4.11
3.73
3.46
3.49
3.67
3.79
3.40
4.02
3.93
3.38
3.63
3.63
3.56
3.41
3.36
3.39
3.58
3.78
3.68
3.67
3.54
3.23
3.51
3.77
3.46
4.08
3.81
3.74
3.82
3.53
2.91
3.86
3.69
3.75
3.35
2.99
3.53
3.22
3.18
3.75
3.80
3.73
3.36
3.91
3.52
3.67
3.59
3.48
3.28
3.01
3.50
3.91
3.86
3.29
3.72
3.88
3.43
4.35
3.69
3.66
3.79
4.03
3.84
3.50
4.00
3.85
4.11
3.45
4.11
3.58
3.18
3.57
3.46
3.58
2.89
4.05
3.80
3.69
3.93
3.76
3.51
3.55
3.61
3.78
3.45
3.28
3.78
3.93
4.09
4.04
3.65
3.65
3.70
3.87
4.05
4.69
3.57
3.95
3.73
3.58
4.04
3.60
3.65
3.26
3.87
3.84
3.83
3.47
3.85
3.46
3.96
4.17
4.10
4.10
3.78
3.87
3.65
3.76
3.16
3.31
3.50
3.30
3.00
3.48
2.92
3.79
3.71
3.89
3.57
3.54
3.92
3.64
3.83
3.60
4.01
3.99
4.05
3.68
3.84
3.69
3.43
3.51
3.85
4.07
3.82
3.26
3.39
3.78
3.14
3.52
3.56
2.70
2.71
2.72
3.49
2.72
3.64
3.30
3.21
3.43
3.54
3.54
2.60
2.25
3.93
3.54
3.50
3.72
3.75
3.71
3.77
3.38
3.73
3.75
3.93
3.46
3.61
3.50
4.01
3.23
3.20
3.38
2.19
2.96
3.46
3.81
3.69
3.96
3.33
3.59
3.75
3.68
4.13
4.02
3.82
3.50
3.63
3.83
3.63
3.70
3.75
3.54
3.18
3.85
3.49
4.09
4.00
3.93
3.89
4.15
3.92
3.80
3.95
3.64
3.71
3.76
3.87
4.01
3.39
2.83
2.81
3.26
3.63
3.38
3.18
3.74
3.45
3.76
3.61
4.09
3.63
3.29
3.68
3.60
3.86
3.45
2.95
3.54
3.28
3.33
2.70
3.46
3.41
3.75
3.01
3.69
3.52
3.34
3.52
3.23
3.81
2.39
2.36
3.50
3.59
3.41
3.49
3.59
3.38
4.05
3.50
3.45
3.90
3.34
3.64
3.87
3.85
3.72
3.97
3.66
3.58
3.27
3.37
3.32
2.86
3.07
2.74
3.11
3.40
3.46
4.00
3.88
3.17
3.06
3.73
3.02
2.70
2.89
3.14
3.35
4.04
3.27
3.66
2.90
3.70
3.69
3.44
3.03
3.31
2.46
3.87
3.36
3.59
3.53
3.69
3.81
3.47
3.50
3.30
3.27
3.31
3.40
2.85
3.14
3.31
3.80
3.56
3.39
3.22
3.40
3.03
3.47
3.64
3.16
4.00
3.60
3.17
3.22
3.10
3.46
3.13
3.35
3.40
3.05
3.10
3.34
3.25
3.18
2.95
3.40
2.96
3.69
3.34
3.06
3.37
3.34
3.56
3.13
3.53
3.36
2.92
3.36
3.11
3.18
3.24
2.76
3.54
3.33
3.54
2.87
3.38
3.35
3.42
3.39
3.24
3.36
3.44
3.61
3.60
3.83
3.14
3.53
3.70
3.63
3.78
3.23
3.74
2.94
3.16
3.69
3.01
3.47
3.66
3.68
3.68
3.56
3.40
3.31
3.37
3.60
3.19
3.15
3.12
3.64
3.62
3.68
3.41
3.68
3.59
3.32
3.06
3.33
3.58
3.05
3.45
3.57
3.91
3.29
3.63
3.81
3.93
3.97
3.62
3.89
3.50
3.47
3.36
2.80
3.92
3.61
3.86
4.07
3.49
4.08
3.90
3.92
3.87
3.80
4.17
3.80
4.11
3.37
3.32
3.14
3.54
3.55
3.50
3.25
3.60
3.19
3.50
3.46
3.08
3.54
4.06
4.12
3.90
3.43
4.01
3.31
4.10
3.48
3.58
3.83
3.53
3.98
3.72
3.54
3.59
3.67
3.83
3.19
4.04
3.16
2.50
3.39
3.85
3.77
3.28
3.84
3.34
3.75
3.66
3.81
3.71
3.58
3.49
3.81
3.49
3.80
3.95
3.15
3.61
3.18
3.72
3.91
3.18
3.39
3.35
3.57
2.84
2.73
3.46
4.01
3.56
3.82
3.37
3.61
3.70
3.56
3.48
3.52
3.06
3.23
3.48
3.28
3.22
3.48
2.99
3.56
3.85
3.52
3.17
3.52
3.49
3.43
3.30
3.60
3.40
3.59
2.09
3.70
3.64
3.28
3.36
3.81
3.15
3.51
3.76
3.19
3.64
3.36
3.27
2.87
3.14
3.56
3.50
3.22
2.61
3.29
3.22
3.15
3.31
3.42
3.83
4.01
4.00
4.24
3.97
3.75
3.49
3.44
3.65
3.34
3.43
3.29
3.35
3.43
3.86
3.76
3.24
3.41
3.62
3.45
3.53
3.54
3.24
3.88
3.52
3.65
4.23
3.95
4.08
3.30
3.59
3.55
3.86
3.61
3.53
3.97
4.00
3.51
3.49
3.40
3.79
3.85
3.87
3.40
3.50
3.49
3.39
3.64
3.26
3.89
3.76
3.50
3.54
3.85
3.77
3.88
3.73
3.41
3.18
3.33
3.22
3.03
3.32
2.86
3.44
3.57
3.84
3.43
3.18
3.61
3.70
3.05
3.40
3.45
3.33
3.75
3.28
3.39
4.00
3.41
3.99
3.20
3.40
3.01
3.26
3.53
4.06
3.28
3.34
3.42
3.13
3.45
3.36
3.42
3.35
2.68
2.91
3.73
3.97
4.13
3.40
3.63
3.14
3.03
3.01
3.24
3.59
3.38
3.16
3.40
3.06
3.30
3.38
3.39
3.52
3.13
2.99
3.58
3.57
3.52
3.35
3.07
2.99
2.90
3.47
3.34
3.50
2.98
3.14
3.59
3.19
3.41
3.27
3.45
3.21
3.23
3.63
3.50
3.17
3.47
3.33
3.09
3.67
3.71
3.81
4.05
3.11
3.43
3.55
3.58
3.59
3.01
3.49
3.21
3.43
3.25
3.27
3.11
3.56
3.06
3.55
3.26
3.39
3.25
3.90
3.62
3.13
3.18
3.26
3.37
3.66
3.59
3.29
3.28
3.30
3.31
3.65
3.27
3.01
3.64
3.39
3.40
3.01
3.21
3.26
3.72
3.25
3.25
3.32
3.39
3.49
3.20
3.02
3.06
3.25
3.27
3.03
3.27
2.99
3.32
3.33
3.23
3.56
3.60
3.36
3.06
3.14
3.60
3.76
3.87
3.84
2.97
2.85
3.12
3.38
3.27
2.86
3.00
3.43
3.26
3.90
3.44
3.54
3.18
2.97
3.33
3.40
2.99
2.57
3.08
3.03
3.24
2.61
2.82
3.11
3.18
3.64
3.52
3.54
3.34
3.66
3.43
2.58
2.96
3.26
3.75
3.53
3.16
3.43
3.37
3.12
2.65
3.28
3.25
3.51
3.57
3.20
3.69
3.45
3.56
3.34
3.44
3.62
3.65
3.44
3.30
3.41
3.52
3.01
3.21
3.59
3.85
3.07
3.41
3.50
3.62
3.43
3.93
3.74
3.42
3.52
3.36
2.96
3.28
2.95
3.07
3.74
3.14
3.21
3.57
3.53
3.55
3.92
3.58
3.37
3.45
3.59
3.78
3.42
3.20
2.99
2.72
3.25
2.97
3.34
3.25
3.18
3.84
3.63
3.11
3.56
3.30
3.34
3.70
3.99
3.38
3.20
2.96
3.22
2.97
3.64
3.82
2.91
2.89
3.84
3.37
3.00
3.72
3.20
3.38
3.07
2.72
3.01
3.36
3.44
3.59
3.69
3.37
3.32
3.36
3.56
3.37
3.54
3.75
3.53
3.39
3.09
3.52
3.75
4.11
3.96
4.15
3.38
3.28
3.85
3.37
3.59
3.48
3.60
3.58
3.81
3.38
3.54
3.31
3.36
3.40
3.49
3.30
3.37
3.48
3.61
3.92
3.51
3.13
3.29
3.60
3.97
3.61
3.73
3.70
3.56
3.48
3.43
3.65
3.76
2.99
3.35
3.31
3.18
3.29
3.68
3.50
3.56
3.40
3.30
3.44
3.83
3.63
3.72
3.37
3.65
3.42
3.26
3.34
3.37
3.55
3.70
3.18
3.09
2.90
3.08
3.25
2.81
3.39
3.11
3.17
3.45
3.23
2.76
2.39
3.33
2.88
2.73
2.69
2.87
2.75
2.41
2.79
2.87
3.05
2.57
2.60
2.67
2.39
3.29
2.94
2.68
2.87
3.29
2.62
2.75
3.18
3.06
2.63
2.59
2.84
3.03
2.75
3.30
2.67
3.18
3.22
3.12
3.60
3.13
3.00
3.11
2.62
1.29
1.09
3.56
3.46
3.02
3.97
3.80
3.89
3.31
3.67
3.75
3.68
3.57
3.56
3.69
4.02
3.42
3.63
3.48
3.51
3.85
3.19
3.50
3.06
3.29
2.95
3.39
3.08
3.99
3.29
3.28
3.70
3.64
3.67
3.16
3.42
3.34
3.69
3.31
3.02
3.19
3.26
3.38
3.08
3.05
3.05
3.21
3.84
3.38
3.50
2.81
3.21
2.98
2.77
2.93
3.16
3.06
3.04
3.06
3.78
3.17
3.38
3.27
3.09
3.28
3.10
3.27
3.62
3.30
3.25
3.00
3.50
3.62
3.24
3.11
2.84
3.19
3.45
3.55
3.74
4.02
3.08
3.58
3.06
3.29
3.60
3.13
3.45
3.39
2.96
3.61
3.44
3.61
3.73
2.95
3.47
3.29
2.81
3.02
3.35
3.34
3.80
3.39
3.58
3.43
3.90
3.16
3.36
3.66
3.67
3.56
3.58
3.31
3.49
3.75
3.68
3.73
2.27
2.86
3.87
3.22
2.71
3.82
3.65
3.42
3.52
3.41
3.29
3.13
3.10
3.33
2.97
3.62
3.30
3.32
3.36
3.74
3.42
3.62
3.26
3.52
3.72
3.10
3.64
3.82
3.13
3.71
3.66
3.10
3.83
3.73
3.75
3.33
3.48
3.40
3.84
3.79
3.90
3.47
3.43
3.40
3.56
3.52
3.01
2.86
3.30
3.42
3.62
3.01
3.23
3.60
3.47
3.19
3.34
3.50
3.28
3.33
3.68
3.15
3.38
3.25
3.44
3.61
3.55
3.24
3.28
3.33
3.32
3.65
3.76
3.20
3.21
3.53
3.34
3.44
3.45
3.61
3.36
3.42
3.34
3.79
3.32
3.65
3.26
3.64
3.34
3.18
3.29
3.25
3.22
3.52
3.21
3.38
3.38
3.15
3.68
2.95
3.24
3.27
3.40
3.63
3.15
3.64
3.60
3.67
3.31
3.56
3.86
3.89
3.52
3.62
4.25
3.61
3.01
3.39
3.17
4.23
3.33
3.42
3.29
4.01
3.16
3.72
3.02
3.76
3.58
3.18
3.51
3.20
3.26
3.49
3.74
2.97
3.78
3.34
2.67
3.71
3.39
3.34
3.25
3.10
3.55
3.38
2.92
3.28
3.12
3.11
3.52
3.58
2.91
3.29
3.59
3.65
3.31
2.43
2.92
2.87
3.68
3.43
3.44
3.61
3.31
3.35
3.52
3.08
3.31
3.65
3.23
3.26
3.41
3.39
3.16
3.35
3.94
3.49
3.44
3.23
3.53
3.22
3.12
3.33
3.77
4.14
3.56
3.64
3.52
3.68
3.54
3.03
3.25
3.02
3.25
3.06
3.46
3.83
4.10
3.84
3.60
3.15
3.14
3.00
3.28
3.33
3.25
3.47
3.38
4.00
3.63
3.91
3.83
3.87
4.28
3.78
4.12
3.64
3.55
3.71
3.96
3.49
3.88
3.45
3.62
3.79
3.67
3.90
3.53
4.01
3.37
3.50
3.95
3.64
3.45
3.49
3.72
3.42
3.73
3.52
3.53
3.82
4.00
3.92
3.68
3.72
3.59
3.77
3.30
3.24
3.25
3.67
3.52
3.65
3.50
3.43
3.50
3.22
3.77
3.48
3.81
3.30
2.87
3.85
3.97
4.23
4.12
3.72
3.22
3.55
4.01
3.51
3.10
3.34
3.75
3.63
3.17
3.65
3.73
3.50
3.56
3.23
3.16
3.31
3.51
3.64
3.51
3.68
3.58
3.63
3.09
3.64
3.85
3.84
3.99
3.43
3.53
4.15
4.42
3.81
3.57
4.20
3.61
3.31
3.91
4.00
3.59
3.13
3.61
3.75
3.39
4.09
3.72
3.74
3.96
3.73
4.00
3.88
3.63
3.41
3.90
3.58
3.35
3.46
3.53
3.69
3.58
3.58
3.32
3.34
3.15
3.88
3.58
3.43
3.36
2.91
3.66
3.19
3.31
3.96
3.49
3.39
3.79
3.58
3.57
3.33
3.14
3.23
3.31
3.24
3.14
3.17
3.55
3.98
3.69
3.47
3.50
4.06
3.43
3.57
3.41
3.84
4.19
3.46
3.81
4.07
3.53
3.72
3.89
3.49
3.57
3.92
2.98
3.45
3.80
3.26
3.59
3.90
2.29
3.57
3.67
3.47
3.50
3.55
3.61
3.64
3.37
3.29
2.96
3.03
3.25
3.32
3.40
3.13
2.64
3.41
3.30
3.28
3.44
3.62
3.49
3.06
3.35
2.77
3.17
3.24
3.79
3.14
3.22
3.72
3.82
3.41
3.38
3.23
3.63
3.15
3.05
3.19
3.57
3.42
3.08
3.22
3.23
3.55
3.59
3.29
3.45
3.29
3.20
3.39
3.48
3.49
3.43
3.59
2.74
3.46
3.67
3.57
3.60
3.29
3.48
3.57
3.71
3.20
3.53
3.50
3.89
3.42
3.58
3.48
3.54
3.51
3.17
3.08
3.82
3.44
3.60
3.76
3.88
3.88
3.63
3.57
3.80
3.56
3.42
3.32
3.16
3.50
3.35
3.34
3.50
3.15
3.73
3.65
3.50
3.63
3.51
3.36
3.46
3.44
3.63
3.42
3.57
3.24
3.34
3.08
3.19
3.67
3.23
3.40
3.10
2.87
2.84
3.38
3.44
3.25
3.34
3.58
3.63
3.82
3.36
3.10
3.27
3.45
3.26
3.87
3.50
3.11
3.81
3.49
3.13
3.60
3.55
3.94
3.28
3.45
3.50
4.25
2.96
3.00
2.98
3.31
3.48
3.56
3.44
3.45
3.53
3.39
3.34
3.40
3.51
3.57
3.49
3.47
3.80
3.37
3.85
3.56
3.76
3.53
3.01
3.78
3.60
3.46
3.03
3.48
3.82
3.36
3.65
3.29
3.64
2.99
3.50
3.69
3.51
3.21
3.24
3.94
3.15
3.32
3.53
3.36
3.48
4.13
3.51
3.39
3.35
3.50
4.07
3.67
4.01
3.59
3.36
3.49
3.61
3.28
3.40
3.76
3.11
3.12
3.56
3.14
3.31
3.74
3.41
3.01
3.07
3.56
3.32
3.26
2.74
3.52
2.91
2.97
2.92
3.25
3.47
3.62
2.85
2.49
3.26
3.36
3.38
3.70
3.40
3.46
3.65
2.86
3.46
3.65
3.08
3.00
2.93
2.98
3.88
3.95
3.15
2.87
3.55
3.06
3.17
2.95
3.33
3.37
3.22
3.18
3.38
3.37
3.37
2.94
3.46
3.25
2.96
2.92
2.79
3.63
3.62
3.98
3.63
3.74
3.49
3.92
3.79
3.50
3.33
3.76
3.69
3.44
3.81
3.12
3.27
3.38
3.51
3.51
3.19
3.27
3.39
3.09
3.30
3.26
3.06
3.39
3.22
1.51
3.18
2.96
3.19
3.21
3.00
3.13
2.82
3.36
3.34
3.13
3.16
3.24
3.34
3.16
2.88
3.48
3.47
4.10
3.30
3.18
3.36
3.41
3.59
3.30
3.28
3.67
3.93
3.64
3.72
3.50
3.26
3.23
3.09
3.72
3.17
3.56
3.25
2.87
3.20
3.45
3.59
3.18
3.42
3.09
3.01
3.66
3.36
3.66
3.67
3.51
3.36
3.02
3.11
3.42
3.21
3.25
3.70
3.79
3.66
3.20
3.49
2.79
3.32
3.18
3.24
3.25
3.31
3.54
3.21
2.69
2.95
3.09
3.56
2.97
2.65
2.63
2.82
2.95
3.30
3.45
3.32
3.18
3.35
3.15
3.80
3.30
3.39
3.51
3.26
3.66
3.60
3.10
2.88
3.14
3.32
3.14
2.96
3.03
3.33
3.54
3.14
3.15
3.11
3.48
3.48
3.43
3.21
3.08
2.90
3.34
3.69
3.53
3.52
3.11
3.18
3.05
3.23
3.31
3.27
3.38
2.98
3.27
2.72
3.63
3.62
3.85
3.54
3.53
3.41
3.52
3.57
3.40
3.77
3.03
3.30
3.62
3.82
3.72
3.64
3.76
3.21
3.87
3.70
3.39
3.29
3.52
3.09
3.43
3.43
3.19
3.30
3.37
3.32
3.34
2.89
2.62
3.10
2.84
3.05
3.23
2.95
4.07
3.41
3.47
3.71
3.76
3.87
3.22
3.48
3.39
3.52
4.05
3.54
3.34
3.73
3.33
3.36
3.79
3.36
3.31
3.40
3.34
2.83
3.01
3.54
3.20
3.52
3.38
3.18
3.03
3.36
3.51
3.98
2.69
3.52
3.56
3.64
3.30
2.82
3.28
3.50
3.42
3.47
3.48
3.37
3.12
3.86
3.28
3.01
3.06
3.36
3.15
3.01
3.49
3.58
3.38
3.30
4.16
3.68
3.47
3.83
3.98
3.15
3.34
3.55
3.50
3.48
3.59
3.46
3.66
4.01
3.70
3.44
3.64
2.59
2.99
3.20
3.25
3.51
3.70
3.41
4.14
3.45
3.43
4.01
3.71
3.65
3.61
2.55
2.82
2.85
3.48
3.14
3.41
3.66
3.73
3.37
2.99
3.11
3.00
3.21
3.74
3.64
3.37
3.28
3.38
3.08
3.37
2.94
2.91
3.04
3.16
3.22
3.43
3.67
3.39
3.28
3.36
3.42
3.02
3.78
3.49
3.33
3.75
3.75
3.24
2.72
3.49
3.19
2.96
3.54
3.25
3.41
3.43
3.33
3.56
3.57
3.53
3.66
3.13
3.78
3.51
3.40
3.24
2.79
3.18
3.65
3.42
3.36
3.55
3.57
3.71
3.43
3.84
3.43
3.55
3.42
3.42
3.40
3.33
4.04
3.34
3.35
3.63
3.65
3.82
3.91
3.78
3.50
3.70
3.77
3.47
3.60
3.77
3.52
3.27
3.50
3.17
3.36
3.45
3.76
3.37
3.49
3.69
3.67
4.09
3.36
3.43
3.40
3.72
4.19
3.89
3.78
4.04
3.86
3.61
4.28
3.90
4.20
4.12
3.67
3.64
3.98
3.35
3.36
3.46
4.22
3.76
3.52
3.70
3.85
3.49
3.11
2.63
3.74
2.62
3.65
3.02
3.41
3.81
3.31
2.85
3.48
3.54
3.47
3.27
3.16
2.98
2.87
3.24
3.47
3.28
3.89
3.36
3.52
3.14
3.28
3.26
3.57
3.46
3.61
3.30
3.69
3.93
4.19
3.57
3.38
4.06
3.36
2.95
3.48
3.30
3.65
3.61
3.29
3.31
3.72
3.36
3.70
3.43
3.09
3.39
3.47
3.43
3.72
3.72
3.56
3.66
3.47
3.57
3.54
3.42
3.19
3.61
3.19
3.42
3.70
3.20
3.01
3.69
3.20
3.35
3.52
3.77
3.09
3.44
3.09
3.12
3.32
3.23
3.59
3.22
3.59
3.51
3.34
3.53
3.37
3.13
3.68
3.04
3.37
2.98
3.07
3.21
3.43
3.42
3.87
3.50
3.02
4.13
3.33
2.96
2.85
2.96
3.68
3.43
4.15
3.90
3.58
3.39
3.22
3.28
3.76
3.38
3.18
3.48
3.49
3.36
2.85
4.03
3.70
3.54
3.22
3.58
3.75
3.52
3.75
3.67
3.28
3.81
3.72
3.71
3.35
3.85
2.66
3.23
3.19
2.98
3.16
3.07
3.39
3.67
3.38
3.27
2.99
2.73
3.03
3.50
3.57
3.23
3.25
3.64
3.34
3.79
3.57
3.57
3.68
3.13
3.11
3.14
3.31
3.21
3.67
3.08
2.99
3.40
3.34
3.79
3.23
3.30
3.63
3.29
3.43
3.09
4.01
4.04
3.46
3.29
2.91
3.49
3.85
3.71
3.56
2.98
3.39
2.88
3.48
3.41
3.10
3.18
3.36
3.52
3.10
3.27
3.15
3.53
2.92
3.65
3.36
3.50
3.61
3.78
2.94
3.27
3.14
3.37
3.66
3.74
3.48
3.57
3.36
3.80
3.52
3.73
3.00
3.60
3.46
3.54
3.37
3.50
3.09
3.99
3.53
3.72
3.65
3.68
3.48
3.41
3.11
3.62
3.18
3.54
3.76
3.56
3.63
3.70
3.37
3.38
3.35
3.34
3.18
3.35
3.45
3.40
3.72
3.34
3.74
4.07
3.47
3.53
3.32
3.05
3.40
3.67
3.58
3.00
3.10
3.71
3.57
3.59
3.45
2.99
3.40
3.62
4.01
4.12
4.00
3.79
4.11
4.10
4.29
3.76
3.90
3.75
3.90
3.66
3.98
3.61
3.10
3.41
3.73
3.86
3.55
3.48
3.98
3.90
3.83
3.22
3.18
4.06
3.49
3.44
3.93
4.03
4.15
3.47
3.91
4.32
3.80
3.91
3.93
3.83
3.67
3.99
3.71
2.82
3.40
3.51
3.80
3.33
3.03
3.59
3.74
4.09
3.69
3.49
3.57
3.88
3.44
3.21
3.80
3.62
3.59
3.14
3.44
3.33
3.56
3.75
3.41
3.52
3.21
3.41
3.11
3.09
3.61
3.58
3.86
3.87
3.69
3.31
3.33
3.32
3.62
3.63
3.48
3.49
3.22
2.83
2.23
4.17
3.58
3.01
3.40
3.97
3.38
4.01
3.78
3.68
4.02
4.13
3.95
3.07
3.73
3.69
3.35
3.29
3.02
3.31
3.39
3.11
3.48
3.69
3.34
3.72
3.43
3.56
3.48
3.71
3.66
3.36
4.04
3.60
3.97
3.99
3.64
3.93
3.06
3.66
3.43
3.98
3.50
3.69
3.91
3.79
3.88
3.88
4.14
3.88
3.97
3.20
3.64
2.93
3.55
3.10
3.76
3.74
3.83
4.22
3.75
4.21
3.95
3.75
3.98
3.70
4.12
3.99
3.51
3.56
3.91
3.95
3.70
3.61
3.75
3.25
3.62
3.77
3.63
3.50
3.43
3.60
3.91
2.91
3.62
3.35
3.25
2.93
3.31
3.35
3.40
3.42
3.76
3.62
3.65
3.86
3.27
3.90
3.69
3.64
3.65
3.64
3.80
3.76
3.98
3.70
3.57
3.95
3.41
3.30
3.47
3.45
3.29
3.41
3.40
3.47
3.57
3.57
3.45
3.41
3.90
3.24
3.53
3.38
3.29
3.38
3.42
3.53
3.34
3.75
3.25
3.48
4.15
3.79
3.81
3.16
3.56
3.37
3.18
3.49
3.81
3.84
3.82
3.79
3.93
3.47
3.51
3.44
3.38
3.35
3.70
3.52
3.56
3.79
3.88
3.97
3.65
3.51
4.03
3.45
3.43
3.18
3.12
3.98
3.25
3.53
3.42
3.14
3.67
2.93
4.01
3.55
3.42
3.54
3.48
3.42
3.38
3.85
4.17
4.02
3.52
3.98
4.00
4.10
3.86
3.96
3.92
3.69
4.23
3.77
3.80
4.27
3.36
4.15
4.23
3.83
4.07
3.94
3.41
4.11
3.44
3.43
4.15
3.28
3.48
4.23
3.53
3.78
3.64
3.97
3.00
3.98
4.08
3.95
3.92
3.96
3.49
3.46
3.67
3.60
2.97
3.06
3.12
3.80
3.03
3.37
3.17
3.11
3.84
3.03
3.24
3.38
3.48
2.92
3.15
3.56
3.59
3.83
3.68
3.59
3.07
3.82
3.72
3.75
3.28
3.85
3.77
3.40
3.87
3.75
3.55
3.05
3.08
3.45
3.61
3.59
3.68
3.59
3.15
3.54
3.66
3.66
4.28
3.48
3.84
3.41
3.79
3.72
3.41
3.70
3.94
3.95
3.47
3.42
3.69
3.30
3.79
3.51
3.69
3.01
3.64
3.45
3.49
3.42
3.47
3.53
3.52
3.47
3.74
3.42
3.15
3.57
3.90
3.34
3.40
3.76
3.56
3.50
3.19
2.98
4.08
3.38
3.31
2.89
3.48
3.33
2.94
3.24
3.61
2.84
4.29
3.67
3.25
3.82
3.70
3.63
4.21
3.29
3.97
3.82
3.38
3.49
3.42
3.14
3.58
3.28
3.30
3.27
3.94
3.60
3.78
3.23
3.74
3.53
3.67
3.48
3.25
3.99
3.37
3.86
3.90
3.58
3.09
3.32
3.75
3.87
3.40
3.39
3.60
3.78
3.47
3.05
3.57
3.44
3.62
3.30
3.75
3.55
2.87
3.58
3.90
3.30
3.25
3.48
3.81
3.51
3.77
4.00
3.76
3.22
3.56
3.69
3.07
3.92
3.10
2.92
2.92
3.29
3.62
3.97
2.93
3.26
2.83
3.40
3.26
3.56
3.54
3.25
3.80
3.47
3.89
3.14
3.92
3.70
3.84
3.57
3.76
3.41
4.09
3.51
3.84
3.30
4.14
3.69
4.06
3.77
3.71
3.64
3.45
3.51
3.79
4.01
3.83
3.35
3.64
3.18
2.01
3.13
3.43
3.47
4.11
3.49
3.84
3.43
3.94
3.71
3.70
4.02
3.74
3.84
4.39
3.76
3.81
2.88
3.82
3.94
3.38
3.43
3.58
3.37
3.32
3.43
3.56
3.73
3.46
3.45
3.80
3.90
3.90
3.59
3.22
3.69
3.27
3.12
3.71
3.83
3.94
3.56
3.53
3.38
3.25
2.95
3.22
3.40
3.31
3.45
3.28
2.98
3.18
2.91
2.90
3.71
3.17
3.24
3.41
3.38
2.65
3.42
3.08
3.22
3.48
3.75
2.96
3.01
3.12
3.15
3.77
3.67
3.13
3.30
3.16
3.80
3.17
3.37
3.46
3.20
3.60
3.15
3.48
3.83
3.28
3.70
3.38
3.09
3.89
3.23
3.14
3.32
3.22
3.39
3.26
3.79
3.68
3.15
3.20
3.58
3.23
2.88
2.96
3.44
3.26
3.33
3.62
3.73
3.47
3.89
3.61
3.87
3.71
3.67
3.77
3.16
3.97
3.85
4.00
3.54
3.52
3.50
3.49
3.96
3.96
3.60
3.55
3.65
3.77
3.83
3.86
3.18
3.43
3.34
3.92
3.49
4.01
3.53
3.63
3.49
3.43
3.14
3.27
3.35
3.76
3.49
3.39
3.68
