3.05
3.17
3.39
3.31
3.44
3.49
3.02
2.98
3.06
3.24
3.41
3.15
3.14
3.05
3.28
3.23
2.80
3.14
3.40
2.77
3.21
2.62
3.26
2.79
2.92
2.87
2.99
3.06
2.91
2.98
2.83
3.00
3.15
2.92
3.12
3.07
3.17
3.01
3.07
3.04
2.80
2.78
3.03
2.89
3.20
3.18
3.14
3.30
3.06
3.20
3.11
3.15
3.15
3.11
3.39
3.05
2.99
3.20
3.10
3.21
3.29
2.96
3.46
3.41
3.37
3.25
3.14
3.42
3.07
3.30
2.93
3.31
2.97
3.21
3.18
2.75
3.08
3.09
3.14
3.01
3.09
2.93
3.03
3.12
2.88
3.07
3.00
2.91
2.53
2.85
2.81
3.02
3.41
2.39
3.04
3.01
2.53
2.72
2.69
3.33
2.98
3.09
3.06
2.77
3.05
3.11
3.10
3.09
2.92
3.16
3.09
3.19
3.18
2.99
2.92
3.33
3.13
3.06
3.31
3.14
3.41
2.76
3.05
3.50
3.13
3.13
3.36
2.89
2.82
3.08
3.25
3.25
2.81
3.18
2.99
2.81
3.08
3.06
3.30
3.30
3.00
2.86
2.72
3.27
2.98
2.86
3.28
3.31
3.15
2.83
2.80
3.00
3.27
2.87
3.27
3.24
3.17
3.19
3.20
2.78
2.99
3.24
2.87
2.98
3.26
3.29
2.92
3.33
3.02
3.14
3.14
3.08
3.06
3.43
3.04
2.90
2.73
3.02
3.29
3.68
3.28
3.15
3.07
2.95
2.64
2.84
3.57
2.96
2.52
3.23
2.89
2.99
2.47
2.97
2.95
3.21
3.44
2.68
3.21
3.19
2.85
3.05
3.11
2.87
3.17
3.15
2.97
3.09
2.81
3.06
2.66
3.09
2.37
2.67
2.19
3.27
2.98
3.07
2.59
3.18
2.76
2.75
2.99
2.60
3.41
3.35
3.46
3.22
3.10
3.18
3.18
3.38
3.25
3.15
3.18
3.41
3.45
3.00
3.02
3.03
3.20
2.80
3.19
2.77
3.24
2.69
2.46
3.49
3.21
2.75
2.93
3.49
2.86
2.89
2.88
3.22
3.04
2.91
2.78
2.75
2.99
2.80
2.90
2.93
2.83
2.81
3.00
3.03
3.11
2.94
2.94
3.36
2.84
2.78
2.92
2.90
3.04
2.93
3.40
2.70
2.66
3.31
2.90
2.82
2.88
3.36
3.15
3.04
3.07
3.44
3.14
3.10
3.42
3.15
3.09
3.37
2.61
3.21
2.83
2.97
3.16
2.84
3.23
2.76
2.81
2.57
2.95
3.08
3.24
2.64
3.29
3.09
3.44
2.65
3.09
2.98
2.82
3.22
3.55
3.23
2.94
3.05
2.88
3.36
3.02
3.14
2.96
2.96
3.05
2.95
3.21
2.90
3.30
2.87
2.72
2.95
2.51
2.90
2.88
2.83
2.74
3.17
2.88
3.40
3.09
3.07
2.69
3.38
3.36
2.92
3.17
3.56
3.19
3.00
3.34
3.36
3.27
2.90
3.14
2.96
2.94
2.75
3.39
2.85
3.13
3.04
2.38
3.14
3.34
2.98
2.95
3.49
2.92
3.42
3.58
2.64
3.30
3.24
3.43
3.10
2.82
3.25
3.25
3.07
3.16
3.17
3.11
3.50
3.00
3.26
3.43
3.26
3.08
3.34
3.34
3.09
3.24
3.12
3.26
3.03
3.51
3.43
2.92
3.42
3.41
2.89
3.18
2.50
2.65
3.15
3.07
3.43
2.77
3.01
2.62
3.36
3.36
2.87
3.32
2.77
3.16
2.96
3.46
3.17
2.88
3.44
2.95
2.82
3.42
2.93
2.98
3.03
3.10
3.07
2.57
3.10
3.18
2.72
3.29
3.11
3.29
2.97
2.99
3.00
2.66
3.08
2.87
2.79
2.70
2.81
3.08
3.34
2.87
3.06
3.43
3.62
3.06
3.29
3.26
2.72
3.34
2.85
3.00
3.33
3.15
3.16
3.06
2.98
2.49
3.25
3.31
3.45
3.16
3.32
3.27
2.99
3.44
2.96
2.99
3.16
3.21
2.79
2.82
2.83
3.24
2.76
2.96
2.94
3.11
2.79
2.90
3.14
3.20
2.94
3.47
2.96
3.41
3.40
3.24
3.23
3.06
2.99
3.52
3.19
3.29
3.04
3.13
2.86
3.10
3.39
3.23
2.93
2.94
3.01
2.90
3.31
3.45
3.29
3.28
3.00
3.20
3.48
3.00
2.51
2.96
3.17
3.23
3.25
3.05
3.41
3.38
3.48
3.33
3.09
2.92
3.23
2.92
3.32
3.06
3.29
3.19
3.04
3.37
3.03
3.07
3.14
3.02
3.11
3.01
3.16
2.99
3.08
2.81
2.53
3.06
3.10
3.05
3.35
3.27
3.20
3.06
3.19
3.50
3.29
3.03
2.88
3.25
3.28
2.79
3.13
2.99
2.73
2.93
2.79
3.04
2.86
2.88
3.37
3.29
3.41
2.83
3.06
2.89
2.96
2.83
3.34
2.94
2.90
2.94
2.96
2.91
3.01
3.16
3.13
3.07
3.13
2.90
2.65
2.74
2.81
3.11
3.00
3.02
3.05
3.30
3.22
2.89
3.12
3.17
3.37
3.02
3.34
3.03
2.96
3.02
2.80
2.32
3.03
2.84
2.97
2.99
2.88
2.78
3.49
3.41
2.75
3.12
2.97
2.60
3.19
2.78
2.69
3.00
2.65
3.08
3.39
3.28
2.78
2.78
2.80
2.84
3.07
2.89
3.12
3.03
2.80
3.13
3.28
3.18
2.66
2.82
2.75
2.95
3.23
2.84
3.09
3.16
3.38
3.22
3.29
3.48
3.09
3.00
2.48
2.83
2.79
2.97
2.97
2.95
2.89
3.50
2.54
2.34
2.72
2.76
2.94
2.80
2.86
2.92
2.66
2.83
2.92
3.00
2.86
2.82
2.94
2.29
3.30
2.91
3.40
3.13
2.99
2.17
2.84
3.08
2.82
2.80
2.64
2.95
3.54
2.44
3.05
2.75
3.15
3.23
3.11
3.23
2.83
3.22
3.04
2.95
2.93
2.91
2.93
2.93
3.21
3.30
3.04
3.05
2.94
3.01
2.92
3.20
2.68
3.19
3.00
3.00
2.84
3.09
3.13
3.20
3.16
3.06
3.14
3.09
2.88
3.21
2.98
2.81
3.38
3.36
3.38
3.32
2.94
3.26
3.38
3.11
2.99
3.17
2.93
3.15
3.09
2.86
2.61
2.97
2.87
3.01
2.91
2.77
3.04
3.32
2.67
3.26
3.10
2.79
2.90
3.03
2.77
2.81
2.95
2.98
3.01
3.26
3.30
3.04
2.97
2.97
2.94
3.23
3.35
3.21
3.16
3.22
2.89
3.02
3.25
2.81
2.81
3.15
2.82
3.25
2.64
2.65
3.14
2.79
2.82
2.61
2.88
2.56
2.73
3.31
2.57
2.79
3.00
2.76
2.98
2.83
2.86
2.89
2.80
3.11
2.41
2.75
2.64
2.96
2.67
2.53
2.88
2.67
2.81
3.15
3.16
2.68
3.35
3.31
3.40
3.14
2.52
3.13
2.74
2.86
3.41
2.87
2.75
2.77
2.82
2.70
3.01
3.15
2.95
3.09
3.01
2.56
3.05
2.78
2.48
2.56
2.58
2.14
2.60
3.28
2.86
2.72
2.80
3.22
2.65
2.80
2.93
2.51
3.24
3.23
2.90
2.95
2.77
2.78
3.18
2.91
2.87
3.16
2.87
2.71
2.73
2.68
2.77
2.92
3.00
2.77
2.60
3.09
2.44
3.06
2.98
3.15
2.95
3.07
3.14
2.70
3.37
2.93
3.22
3.10
3.10
3.41
3.42
3.32
2.92
2.96
3.43
3.19
3.08
2.75
3.11
3.38
3.07
3.17
3.11
3.16
3.07
2.79
3.06
2.76
3.21
3.26
3.13
2.94
3.20
2.51
3.15
2.88
2.79
2.72
3.02
2.91
2.90
2.97
2.63
3.14
3.05
3.26
2.86
2.92
2.88
2.96
3.24
3.45
2.58
1.95
2.69
2.81
3.22
3.03
3.06
3.11
3.12
2.92
2.87
3.14
3.24
3.30
3.14
3.24
3.25
3.00
3.26
2.81
2.97
2.97
3.26
2.99
3.15
3.02
3.07
3.01
2.78
2.86
3.29
3.42
3.13
2.92
3.00
3.41
2.98
2.91
3.19
2.90
3.08
2.56
3.13
2.46
2.61
2.98
3.13
2.90
2.86
3.00
3.19
3.18
2.66
2.76
2.74
3.02
3.35
2.97
3.10
3.33
2.97
2.68
3.44
2.74
3.17
3.26
3.23
2.83
2.81
3.28
3.33
3.14
3.05
2.91
3.04
3.01
3.11
2.82
3.19
2.57
3.44
2.68
3.26
2.80
2.58
2.62
2.63
2.50
2.95
2.26
2.78
2.98
2.84
3.10
2.90
3.11
3.44
3.14
3.10
2.95
3.36
3.47
3.08
2.89
2.81
3.41
3.28
3.42
2.63
2.53
2.61
2.78
2.81
2.79
2.79
3.02
2.66
3.01
2.54
2.57
2.52
2.75
2.88
2.44
2.90
3.05
2.64
3.10
2.91
3.03
2.99
3.06
3.19
3.06
2.99
2.97
3.09
3.13
3.03
2.86
3.02
3.12
3.31
3.27
2.91
3.68
2.81
2.95
3.12
2.79
2.89
2.96
2.67
3.07
3.04
3.31
2.81
2.91
2.72
2.71
2.66
2.83
2.99
2.85
3.08
3.21
3.07
2.92
2.98
3.12
2.88
3.09
2.66
2.67
2.76
2.90
2.80
2.64
3.21
2.91
3.07
2.79
2.70
2.82
2.95
3.11
2.92
2.54
2.67
3.03
2.47
2.51
2.72
2.51
2.42
2.70
3.32
3.26
3.14
3.13
2.80
2.94
3.25
3.19
2.78
2.67
2.25
3.00
2.94
2.75
2.40
2.57
2.77
2.95
2.57
3.06
3.03
2.50
3.18
3.12
2.75
2.56
2.54
3.08
2.90
2.53
3.08
2.92
2.76
2.76
2.61
2.80
2.96
3.16
2.95
3.51
3.32
3.47
3.37
2.99
2.95
2.75
2.91
2.68
3.43
3.31
3.21
2.95
2.74
2.96
3.41
3.26
3.04
2.77
3.01
2.83
2.77
2.66
3.16
2.74
2.58
2.70
3.10
3.61
3.08
3.12
2.89
2.93
2.69
2.96
2.47
2.99
2.69
2.93
2.94
2.80
2.80
2.84
3.34
2.91
3.14
3.16
2.98
2.94
3.31
3.03
2.82
2.94
3.07
3.04
3.11
3.05
2.98
2.89
3.25
2.82
3.12
2.94
3.25
3.01
3.02
2.58
2.82
2.87
2.73
3.20
3.26
3.05
3.18
3.00
3.04
3.14
3.21
3.35
3.56
3.23
3.13
3.23
3.26
3.54
2.90
3.19
3.08
3.01
3.06
3.17
2.87
2.91
2.95
2.99
3.29
3.18
3.10
2.79
2.81
2.89
2.85
2.55
3.14
2.77
3.10
3.03
2.68
3.00
2.96
2.83
3.05
2.88
2.98
2.53
3.12
2.93
2.97
2.87
2.83
3.12
2.94
2.72
2.64
2.88
2.68
2.83
2.84
2.88
2.90
2.98
2.79
2.91
2.74
2.96
3.24
2.97
3.04
3.34
3.17
3.39
3.34
3.28
3.24
3.11
2.84
2.93
3.42
2.88
3.07
2.98
3.01
3.10
2.85
3.02
3.11
2.88
3.10
2.61
3.11
2.49
2.88
2.91
2.87
2.89
2.98
3.03
2.64
2.86
3.01
3.07
3.02
2.81
2.97
3.06
3.10
2.86
3.28
3.14
2.91
2.64
2.84
2.96
2.97
2.85
3.28
3.29
3.28
3.27
1.54
3.29
3.40
3.61
3.22
3.24
3.42
2.91
2.58
3.05
2.86
3.28
3.18
2.91
2.67
2.95
2.65
2.60
2.92
2.71
2.95
2.66
3.14
2.86
2.85
2.90
2.49
3.23
2.63
2.63
2.83
2.78
2.87
3.09
2.71
2.62
2.85
2.92
2.46
3.13
2.90
3.12
3.13
3.00
2.57
2.54
2.61
2.68
2.72
3.05
2.85
2.80
3.08
2.97
3.10
2.96
3.28
3.30
3.29
2.93
3.13
3.08
2.90
2.95
3.07
3.10
2.75
3.18
3.03
3.15
2.78
2.95
2.85
2.83
2.43
2.81
2.83
2.98
3.04
2.92
2.98
3.25
3.17
2.84
2.56
2.84
2.85
2.85
3.18
3.08
2.80
2.71
2.71
2.75
3.30
3.01
3.05
2.79
3.03
2.86
2.99
2.93
2.86
3.23
2.82
3.03
3.21
2.88
2.96
2.86
3.05
2.93
2.95
2.64
2.99
2.88
2.78
2.84
2.72
2.68
2.99
3.03
3.03
3.12
3.21
3.15
3.18
3.22
3.09
3.12
3.57
3.40
3.25
2.88
3.03
2.83
2.59
2.03
3.55
2.40
2.87
2.74
2.19
2.94
3.03
3.13
2.78
2.80
2.65
2.80
3.00
2.69
2.61
2.58
2.95
2.92
2.50
3.59
2.93
3.14
2.92
2.81
3.05
2.85
2.70
2.92
2.77
2.92
2.83
2.66
2.90
3.03
3.28
3.12
2.88
2.95
2.16
3.05
3.24
2.66
3.18
3.09
3.13
2.95
3.27
3.07
2.86
3.27
3.19
2.39
3.04
2.87
2.79
2.81
3.01
2.85
2.36
2.86
3.17
2.84
3.28
2.84
3.03
2.84
2.83
2.63
2.88
2.37
3.08
3.12
2.98
3.58
2.84
2.98
2.95
2.54
2.41
2.59
2.67
2.78
2.71
2.96
2.97
2.99
2.78
2.97
2.77
3.50
3.12
3.24
3.23
2.91
2.81
3.07
2.98
2.82
2.86
3.21
2.90
2.72
3.22
3.04
3.04
2.94
2.98
3.17
2.74
2.79
3.27
3.13
3.31
3.14
3.24
3.45
3.05
2.94
3.06
2.89
3.12
2.68
2.82
2.85
3.00
2.95
3.14
2.79
2.96
2.87
3.13
2.50
3.21
3.16
2.46
2.82
2.83
2.61
2.73
2.96
3.21
2.66
3.10
2.69
2.68
3.12
2.80
2.78
2.71
2.98
2.93
2.87
2.89
2.80
2.93
3.08
3.02
2.91
3.17
3.17
2.76
2.55
3.11
2.86
2.57
3.12
3.08
2.81
2.99
3.02
3.07
2.94
2.63
2.65
2.76
3.18
2.96
2.89
3.31
2.91
2.96
2.77
3.10
2.92
2.60
3.28
2.95
2.73
3.38
3.08
2.82
2.48
2.68
3.01
2.59
2.85
2.96
2.87
3.30
3.44
3.39
3.18
3.59
3.39
2.88
2.95
2.90
2.83
2.92
3.03
2.60
3.05
3.10
3.26
3.46
3.05
2.84
3.22
3.07
2.91
2.91
2.77
3.41
2.89
2.89
3.27
2.76
2.59
3.07
1.98
3.10
3.05
3.01
2.91
3.01
3.20
2.82
3.02
3.04
3.09
2.96
2.77
3.23
2.56
2.80
2.91
2.76
2.95
3.08
2.96
2.73
2.82
2.82
2.72
2.68
2.67
3.16
2.84
2.90
2.66
2.91
2.82
2.89
2.51
2.43
3.06
2.96
3.12
2.89
2.70
2.93
2.89
3.05
3.38
2.73
2.80
2.50
3.63
3.50
3.03
2.84
3.07
3.00
3.33
2.90
2.50
2.87
2.95
2.86
2.96
2.94
3.17
2.84
3.58
2.81
3.15
3.06
3.09
3.14
3.04
2.91
2.71
3.10
3.18
2.73
2.34
3.05
3.17
2.95
3.46
3.03
3.15
3.16
3.02
2.71
2.94
2.69
2.93
3.06
2.78
2.79
2.57
3.07
2.70
2.50
2.52
2.78
3.12
2.91
3.36
3.18
3.65
3.32
2.92
2.97
3.40
3.29
2.40
2.95
2.87
3.30
3.30
3.52
2.97
3.54
3.51
3.40
3.17
3.19
2.92
2.92
2.96
2.98
2.93
2.46
2.43
2.49
3.08
2.53
2.55
3.08
2.67
2.96
2.78
3.05
2.71
3.04
2.78
3.26
2.98
2.50
2.93
2.81
3.07
2.76
3.32
3.21
3.14
2.62
2.40
2.79
2.57
2.94
3.13
3.00
2.97
2.98
3.35
2.70
2.84
2.62
2.60
1.78
1.98
1.88
2.01
2.10
1.92
3.06
2.42
2.21
1.68
1.73
1.94
1.33
1.93
1.59
1.87
1.74
2.21
1.92
2.02
2.16
1.49
2.00
1.80
1.93
1.76
2.39
1.92
2.19
1.92
1.97
2.04
2.26
2.13
2.45
2.00
1.92
2.02
2.32
2.02
2.02
2.01
1.97
2.05
1.84
2.12
2.14
1.49
1.54
1.82
2.84
3.01
2.88
2.60
2.41
2.87
2.57
2.61
3.03
2.61
2.93
3.01
3.10
2.75
3.08
3.46
3.15
2.62
3.13
3.02
3.04
2.76
2.83
2.82
2.54
2.89
3.05
2.85
2.69
2.90
3.09
3.10
3.07
2.89
2.63
2.74
3.17
3.07
2.96
2.97
3.22
3.00
2.77
2.88
3.11
3.17
2.96
2.82
3.33
2.89
2.92
2.96
3.00
3.01
2.76
3.15
3.13
2.87
3.02
2.66
3.02
2.62
2.72
3.23
2.77
2.86
2.90
2.64
3.14
2.84
3.28
3.06
2.96
3.26
3.07
3.17
2.70
2.80
2.89
3.02
3.09
3.14
2.84
3.01
2.70
2.97
2.75
3.11
3.28
2.88
3.15
2.97
3.09
3.05
3.06
2.90
2.93
2.89
3.05
2.85
3.19
3.34
3.48
2.92
2.93
3.17
2.74
2.82
2.68
2.60
3.30
2.78
3.06
3.31
2.96
2.72
2.67
2.71
3.18
3.07
2.97
2.99
2.80
3.28
2.85
3.15
2.84
3.30
3.49
2.68
2.96
3.07
3.48
3.35
2.76
3.10
3.11
3.29
3.21
2.05
3.57
3.21
2.99
3.02
2.83
2.59
3.12
3.05
2.40
3.26
3.03
2.77
2.64
3.07
3.04
3.11
3.00
2.62
3.24
3.06
3.40
3.13
3.29
3.18
3.10
3.12
2.95
3.07
3.09
2.59
3.24
3.21
3.06
2.93
3.31
3.23
2.87
2.80
2.61
2.93
2.70
2.68
3.40
3.12
3.18
3.14
3.10
2.71
2.69
3.06
3.11
2.73
3.31
3.17
3.09
2.08
2.19
2.93
2.85
3.19
2.95
3.02
2.71
2.71
3.05
3.02
3.33
2.95
3.22
2.94
2.94
3.40
2.76
2.53
2.84
2.94
2.87
2.84
2.59
2.96
3.42
2.83
2.92
2.87
2.98
3.12
3.17
2.81
2.73
2.58
2.95
2.77
2.81
2.55
3.13
2.67
2.96
2.75
3.15
2.97
2.54
3.04
3.19
3.24
3.33
3.02
3.16
2.81
3.09
2.76
2.78
3.07
2.78
2.96
2.92
3.04
3.00
2.63
2.94
3.11
3.23
3.45
3.45
3.11
3.12
3.20
3.54
2.75
2.98
2.55
3.09
2.75
2.86
2.30
2.98
2.63
2.61
3.17
3.05
2.90
2.83
2.86
2.56
2.55
3.09
3.15
3.14
2.77
2.65
3.04
3.25
2.94
2.85
2.78
2.83
2.94
2.96
2.95
3.32
2.85
2.68
2.41
2.63
2.75
2.53
3.01
2.88
2.58
2.77
2.56
2.87
2.85
2.84
2.81
2.70
2.97
3.20
3.25
2.66
3.29
3.11
2.68
2.75
3.01
3.02
3.00
2.98
2.65
2.82
3.30
3.07
3.03
3.13
3.00
3.02
2.85
3.10
2.91
3.03
3.12
3.09
3.40
2.83
3.23
2.76
2.93
2.86
2.65
2.59
3.22
2.73
2.91
2.86
2.92
2.84
2.80
3.11
2.79
2.94
3.15
3.11
2.75
2.76
3.10
3.15
3.32
3.05
2.69
2.97
2.75
2.77
2.94
2.69
2.94
3.08
2.86
2.71
2.95
2.86
3.20
3.09
3.06
2.77
3.05
2.72
3.30
3.24
3.16
3.05
3.01
3.30
3.60
3.28
3.15
3.23
3.30
3.09
3.01
3.05
3.55
3.21
3.26
3.30
3.09
2.90
3.07
3.33
2.91
3.54
3.04
3.07
3.01
2.71
3.31
3.28
3.31
3.15
3.13
2.79
2.83
2.27
3.06
2.75
2.99
2.54
2.98
3.20
3.49
2.78
3.13
3.10
3.35
2.88
2.97
3.20
3.32
3.17
3.07
3.24
3.21
2.86
3.13
3.20
3.30
2.75
3.04
3.47
3.21
3.03
3.00
3.05
2.78
2.93
3.04
2.62
3.27
2.88
2.77
2.84
2.98
2.86
2.73
2.75
2.93
2.69
2.63
3.08
2.81
3.08
2.90
2.76
2.56
2.86
2.98
2.83
2.93
3.04
2.80
2.74
3.07
3.00
3.15
2.89
2.74
2.58
2.46
2.56
3.00
3.11
3.19
3.22
3.43
3.12
3.12
3.12
2.67
3.44
3.33
2.88
3.52
3.06
3.34
3.00
3.08
3.26
3.39
3.38
3.26
2.76
2.59
2.86
2.95
2.84
2.81
2.69
2.84
2.91
3.01
2.82
2.51
2.73
3.00
2.95
2.88
2.81
3.00
3.27
3.44
3.33
3.09
3.14
3.21
3.14
3.44
3.06
3.18
3.17
3.29
3.14
3.33
3.21
3.21
3.01
3.04
3.22
2.85
2.99
3.35
3.42
2.85
3.31
3.17
3.27
3.20
3.27
3.17
3.12
3.00
3.12
3.04
3.09
2.87
3.00
3.15
3.03
3.21
2.86
3.25
3.21
3.20
3.36
2.87
3.47
3.27
2.99
3.06
3.04
2.59
2.94
3.15
3.22
2.79
3.14
3.07
3.24
3.28
3.20
3.29
2.97
3.64
3.03
3.22
3.48
2.95
2.99
3.13
2.84
3.30
3.17
3.30
3.46
3.70
3.51
3.41
2.97
3.26
3.40
3.09
3.10
3.17
3.34
3.08
2.89
3.17
3.06
2.95
2.75
3.27
2.95
2.98
3.36
2.94
3.14
2.80
2.87
3.00
3.25
3.22
3.40
3.51
2.96
3.17
3.02
3.08
3.31
2.82
3.58
3.06
2.94
3.39
3.06
2.92
2.75
2.85
3.01
3.39
2.87
3.22
3.14
3.37
3.32
3.21
3.11
3.28
3.66
3.42
3.46
3.17
3.42
3.63
3.15
3.18
3.22
3.01
3.15
3.22
3.60
3.60
3.27
3.35
3.22
3.40
3.01
3.04
3.14
3.18
2.96
3.18
3.49
3.54
3.31
2.95
3.05
3.21
3.35
3.39
3.37
3.18
2.81
2.96
2.71
2.77
3.03
2.87
2.89
2.60
2.89
2.53
2.73
3.51
2.94
2.99
2.86
2.70
2.61
2.77
3.27
2.96
3.03
2.96
3.05
2.68
2.70
2.94
2.77
3.16
2.94
2.79
3.10
2.98
3.24
3.12
2.81
2.84
3.39
3.28
2.86
3.23
3.17
3.11
3.19
3.26
3.31
3.19
3.13
3.01
2.79
3.05
2.87
3.28
3.00
3.24
3.31
3.04
3.30
3.02
3.26
3.33
3.29
3.23
3.55
3.45
2.77
3.16
3.39
3.23
2.92
3.43
3.54
3.34
2.99
3.16
3.23
3.17
3.44
3.22
3.43
3.21
3.21
3.08
3.17
3.49
3.14
2.94
3.18
3.40
3.48
3.21
3.01
3.32
3.27
3.54
2.78
2.96
2.94
3.22
2.97
2.68
2.66
2.83
2.56
3.05
3.23
3.27
2.99
2.03
3.39
2.82
3.01
2.77
3.08
3.01
2.89
2.99
3.11
2.38
3.15
3.10
2.40
3.34
3.47
3.08
3.12
2.64
3.50
2.95
3.15
3.72
2.98
3.01
3.07
3.18
2.83
3.05
3.52
3.03
3.14
3.34
2.79
2.89
2.76
3.17
3.17
2.50
3.10
2.46
2.99
2.93
2.60
3.08
2.79
3.20
3.25
2.70
2.69
2.79
2.74
2.97
2.90
2.63
2.63
3.03
2.73
2.96
2.72
2.77
2.82
2.92
1.55
2.61
2.60
2.72
3.28
2.86
2.79
2.96
2.79
2.90
2.74
2.74
2.49
3.07
3.42
3.27
3.14
2.38
2.83
2.43
2.65
2.75
3.16
2.86
2.90
2.91
2.99
2.83
2.69
3.02
3.25
2.84
2.84
2.93
3.04
2.95
2.67
2.88
2.77
3.00
3.05
3.31
2.93
3.06
2.68
3.06
2.96
3.13
2.96
2.45
2.71
2.69
2.76
3.39
3.50
3.05
2.97
2.67
2.68
2.80
3.05
3.23
3.15
2.97
3.01
2.61
2.75
2.69
2.82
2.61
2.74
2.93
3.05
2.90
3.00
2.87
3.04
2.85
3.29
3.31
3.63
3.07
2.96
2.86
2.91
2.88
3.28
3.02
3.12
3.13
2.94
3.04
3.09
2.97
3.46
2.98
3.15
2.87
3.36
3.15
3.01
3.17
2.73
2.74
2.77
3.37
3.08
3.04
3.32
3.31
2.73
2.84
2.99
3.00
2.86
3.17
3.14
3.15
2.94
3.46
3.44
3.26
3.25
3.29
3.28
3.11
2.78
2.75
2.80
3.10
3.27
2.93
2.97
3.28
3.26
3.07
3.15
2.58
3.13
3.06
2.49
3.05
2.89
2.99
3.15
2.86
2.93
3.29
3.19
3.06
3.18
2.93
2.77
3.30
3.31
3.02
3.04
2.99
3.20
3.42
2.92
3.12
2.98
2.82
3.03
2.91
3.17
3.10
3.08
2.52
3.08
3.27
3.08
3.23
2.83
3.00
3.05
3.02
3.02
2.88
2.83
3.21
2.82
3.23
2.40
2.75
2.59
2.80
2.66
2.46
2.72
2.53
2.69
2.60
2.47
2.80
3.07
2.71
2.83
2.77
3.01
2.75
3.02
3.02
2.75
2.85
3.13
2.88
3.01
2.98
2.84
2.53
3.08
3.06
2.79
3.00
2.98
2.84
3.08
2.62
2.65
2.69
2.94
2.33
2.91
2.78
3.11
2.63
2.84
3.01
3.16
3.15
3.00
2.90
2.45
2.53
2.77
2.76
3.20
3.05
3.06
3.27
3.00
2.87
3.39
2.84
3.35
2.97
3.00
2.69
2.90
3.33
2.88
3.02
2.30
2.92
3.09
2.83
2.73
2.41
2.53
2.89
2.96
2.88
2.58
2.80
3.28
2.94
3.03
3.50
3.24
3.32
3.30
3.12
3.22
2.94
3.39
3.20
3.23
3.05
3.16
3.29
3.25
3.04
3.28
3.05
2.99
2.64
2.92
2.70
3.08
3.10
2.75
2.93
2.82
2.95
3.06
2.89
3.05
3.08
3.05
2.99
3.21
2.93
3.24
3.08
3.04
2.83
3.20
2.86
2.80
2.36
2.70
3.27
2.37
3.23
3.07
2.66
2.93
3.17
3.13
3.32
2.93
3.02
3.03
2.32
3.00
2.97
2.67
3.10
2.87
2.63
2.92
2.83
2.99
2.79
2.80
2.97
2.84
2.42
2.83
2.79
3.00
2.75
2.81
3.06
3.19
3.04
2.94
3.15
3.49
3.05
3.20
2.95
3.18
3.19
3.27
2.53
3.34
2.98
3.48
3.05
3.18
3.16
2.99
2.82
3.10
3.08
3.01
3.04
3.05
2.82
3.09
2.15
3.11
3.21
2.99
3.08
3.21
3.30
3.01
2.81
3.16
2.85
3.09
3.25
3.14
2.95
2.83
3.10
3.26
3.08
2.86
3.07
2.89
2.77
3.15
3.06
2.97
3.30
3.03
2.96
3.26
2.81
3.00
3.20
3.35
2.90
3.10
2.80
3.42
3.45
3.10
2.77
2.93
2.68
2.93
3.16
3.22
3.01
2.87
2.87
3.16
2.86
2.72
3.18
3.18
3.26
2.96
3.15
3.02
3.16
3.17
2.94
3.00
3.22
3.13
3.32
3.41
3.37
3.11
3.09
3.22
3.07
2.87
2.76
3.04
2.87
2.69
3.23
2.95
2.92
3.01
2.49
2.70
3.20
3.31
2.59
3.14
2.99
2.32
2.79
2.85
3.19
2.93
2.93
2.80
3.17
3.26
3.16
2.97
3.36
3.22
2.86
2.77
3.37
3.08
2.71
2.50
2.55
3.18
3.14
2.95
3.05
3.12
2.93
2.90
2.85
3.17
3.04
2.98
2.90
3.08
3.18
3.36
3.14
2.81
3.22
3.21
3.17
2.74
2.85
3.29
3.08
3.05
3.04
2.97
2.91
3.08
2.77
3.13
3.15
3.54
3.00
3.36
2.94
2.97
3.03
2.91
2.99
3.47
3.16
3.06
2.87
3.23
3.31
3.20
3.06
3.39
3.46
3.23
2.96
3.35
2.78
2.74
3.01
2.85
2.74
2.80
3.02
3.46
3.60
3.19
3.18
3.24
3.38
3.03
3.15
3.20
3.34
3.49
3.56
3.72
3.38
3.23
3.19
2.97
2.84
3.10
3.51
2.88
3.18
3.41
3.23
3.56
2.90
3.41
3.38
3.56
3.65
2.94
3.12
2.92
3.14
3.38
3.44
3.20
3.99
3.40
3.32
3.44
3.21
3.34
3.41
3.61
2.97
3.45
3.47
3.27
3.22
3.29
3.46
3.08
3.16
3.45
2.81
2.91
3.33
2.68
3.21
3.53
3.23
2.85
2.80
2.64
3.02
2.81
3.05
3.40
3.11
3.17
3.18
3.38
3.15
3.30
3.26
3.13
3.16
3.37
3.08
3.14
3.33
3.15
3.17
3.20
3.53
3.03
3.20
2.98
3.01
3.13
3.34
3.06
2.82
3.17
3.18
3.31
3.40
3.11
3.31
3.48
3.03
2.93
3.06
2.81
2.99
2.98
3.22
2.93
2.86
3.52
3.61
3.36
3.52
3.51
3.01
3.12
3.30
2.95
3.12
3.37
3.07
3.62
3.21
3.08
3.45
3.29
3.27
3.27
3.23
3.03
3.08
2.90
2.68
3.01
3.01
2.98
2.88
2.74
3.30
3.43
3.06
2.99
2.74
2.98
3.31
3.01
2.89
3.47
3.09
3.33
2.92
2.85
3.42
3.51
3.36
3.09
3.18
3.33
3.24
2.78
2.71
3.21
3.09
2.89
3.31
2.76
2.78
2.80
2.71
3.40
3.49
3.06
3.25
3.09
2.93
2.95
3.30
3.11
2.92
3.09
3.11
3.01
3.18
3.18
3.19
3.10
2.50
2.48
2.54
3.03
2.54
2.43
2.95
2.00
3.00
3.36
2.88
2.86
2.96
3.12
2.58
3.05
2.90
2.42
3.24
3.43
3.04
3.15
2.81
3.12
2.92
2.66
2.69
3.28
3.01
2.70
2.84
2.46
2.76
3.55
3.00
2.79
3.11
2.68
2.82
3.10
3.66
2.97
3.00
3.13
3.34
2.85
2.83
2.61
3.08
2.62
2.84
2.99
3.34
3.18
3.22
3.01
3.24
3.02
2.95
3.17
3.06
3.29
3.01
3.25
3.28
3.10
3.05
2.94
2.74
2.75
3.02
3.05
2.73
3.34
3.35
2.97
2.97
2.82
2.76
3.33
2.97
2.80
2.99
2.99
2.87
2.77
2.84
2.41
2.79
2.55
2.96
2.94
3.14
2.93
3.01
3.17
3.28
3.21
3.46
2.94
3.01
3.22
2.75
3.02
3.09
3.13
3.04
3.10
3.36
3.20
3.51
3.05
3.24
3.10
2.92
3.06
3.08
3.11
3.06
3.15
3.08
3.35
3.14
3.14
3.17
2.99
2.71
2.76
3.13
3.14
2.91
2.95
2.62
2.83
2.73
2.91
2.91
2.86
3.18
3.43
3.32
3.46
3.34
2.93
3.11
3.10
2.78
3.39
2.98
2.78
3.20
2.69
3.32
3.55
2.55
3.32
2.87
2.66
2.98
3.14
3.19
3.19
3.45
2.94
3.30
3.41
2.63
3.03
3.33
3.05
3.60
3.45
3.26
2.73
3.29
3.29
3.17
2.36
3.02
3.00
3.34
3.10
3.03
3.18
3.09
3.19
3.45
3.26
3.28
3.20
2.82
3.26
3.13
2.94
2.99
3.07
2.59
2.93
3.33
2.81
3.04
3.37
2.88
3.14
2.95
2.86
2.95
2.70
2.53
2.67
2.48
3.07
3.02
2.69
3.30
3.32
3.13
2.13
2.77
2.71
2.84
2.62
3.08
3.39
3.18
2.78
3.24
3.49
3.26
2.96
3.10
2.95
3.08
2.76
3.46
3.15
3.30
3.11
3.18
2.94
3.30
3.13
3.30
3.37
3.33
3.07
3.41
3.01
3.13
2.93
3.03
2.94
3.08
2.96
3.29
3.13
3.29
2.82
3.11
3.22
3.09
2.68
3.03
3.33
3.10
2.73
2.90
3.21
2.99
2.93
3.02
3.07
3.10
3.34
3.30
3.15
3.29
2.94
3.02
2.87
2.97
3.14
3.40
3.29
3.01
3.12
2.91
2.98
2.82
2.69
2.80
2.63
2.70
2.56
2.74
3.17
3.20
3.14
2.87
3.14
2.98
2.88
3.21
3.13
2.99
2.89
3.32
2.92
3.19
2.91
3.26
2.98
3.28
2.85
3.36
3.08
2.97
2.77
3.13
2.79
3.24
3.55
3.15
3.34
3.16
3.46
3.41
3.61
3.50
3.07
2.98
3.07
3.26
2.79
3.43
3.38
2.84
2.84
3.00
2.65
2.87
2.93
2.80
2.84
3.18
3.15
2.61
2.83
3.24
3.22
3.19
3.18
4.20
2.97
2.61
3.33
3.11
2.66
3.03
3.24
3.08
3.26
2.77
3.06
3.41
3.39
2.80
3.11
2.23
3.35
2.61
3.49
2.94
3.07
2.94
2.63
2.44
2.77
2.44
2.25
2.50
2.70
2.82
2.86
2.64
2.54
2.58
3.26
3.37
3.64
3.04
2.64
2.84
2.97
2.77
2.66
2.41
2.75
2.96
2.86
2.87
2.94
2.52
2.72
2.78
2.98
3.11
3.51
3.00
2.98
2.90
3.01
3.16
2.89
3.36
2.41
2.76
3.16
3.01
3.01
2.65
3.18
2.93
3.15
2.84
2.94
3.05
2.89
3.29
2.84
2.98
3.23
3.07
2.87
2.53
2.83
2.80
2.53
3.13
3.05
2.84
3.18
3.21
2.89
3.19
3.08
3.01
3.48
3.10
2.76
2.62
2.82
2.88
2.98
2.95
2.81
3.00
3.23
3.31
3.08
3.33
2.73
2.52
2.99
3.12
3.01
2.45
2.51
2.43
2.94
3.15
3.35
2.74
3.05
2.74
3.07
2.81
3.00
3.04
2.80
3.11
2.83
3.26
3.04
3.13
3.05
2.45
3.00
2.94
2.89
2.95
2.91
3.06
3.04
3.43
3.41
2.96
2.76
2.65
2.48
2.83
2.81
3.17
2.33
3.08
3.09
2.58
2.72
2.55
2.42
2.65
2.79
3.19
3.13
3.30
2.63
3.00
2.89
2.73
2.77
2.92
2.71
2.66
3.22
2.40
2.79
2.36
3.02
2.29
2.52
2.79
3.02
2.22
2.39
2.88
2.68
3.39
3.14
2.54
2.76
2.51
3.03
2.57
3.07
3.04
2.72
3.45
3.17
2.94
2.90
3.18
2.60
3.22
2.85
2.48
2.75
2.83
3.19
2.55
2.66
3.21
3.17
3.28
2.95
3.16
2.87
3.30
3.23
2.87
2.95
3.31
3.07
2.99
3.24
2.81
3.01
3.41
2.69
3.15
2.96
2.41
3.13
2.92
2.83
2.71
3.00
2.58
2.72
2.50
2.83
2.65
2.74
2.97
3.38
3.01
3.51
3.15
3.03
3.85
2.79
2.72
3.38
3.14
2.94
3.04
2.72
2.92
2.97
3.06
2.82
3.19
2.73
3.05
3.07
3.19
3.01
3.56
2.94
3.44
2.95
2.95
2.77
3.01
3.20
3.43
3.01
3.22
3.19
3.21
3.20
3.15
3.27
2.78
3.29
3.26
3.05
3.04
3.00
3.06
2.92
2.21
2.99
2.86
2.74
3.02
2.88
2.74
2.83
2.79
2.97
3.11
2.21
2.86
2.98
3.02
3.07
2.52
3.00
3.11
2.89
3.26
2.93
2.83
3.40
3.32
3.14
3.11
2.84
3.13
3.11
2.73
2.87
3.32
3.10
2.71
2.50
2.97
3.16
3.13
3.04
3.02
2.57
2.64
2.54
3.03
3.41
3.09
2.52
2.93
3.13
3.20
3.11
3.24
3.12
2.77
3.03
2.59
3.25
3.22
3.12
2.88
2.73
2.80
3.23
2.84
2.82
3.23
3.07
2.73
3.12
3.14
2.87
3.17
3.01
3.13
2.72
2.47
2.89
2.63
3.16
3.08
2.80
3.10
3.45
2.67
2.98
2.87
2.69
2.72
2.20
2.92
2.59
3.01
3.02
2.55
2.87
3.03
3.20
3.05
2.98
3.03
2.93
3.09
2.71
2.41
2.95
2.65
2.70
2.82
2.93
3.36
2.89
3.03
3.07
2.91
2.67
3.16
3.22
3.01
2.88
2.80
2.96
2.91
3.22
2.97
2.83
3.34
2.67
2.78
2.58
2.83
3.00
2.78
3.34
2.88
2.62
2.91
2.97
2.49
3.08
3.10
2.83
3.17
2.80
3.02
2.62
2.98
3.10
2.56
2.55
3.08
3.12
2.90
3.30
3.39
3.22
3.15
3.43
2.75
2.71
2.90
3.14
3.34
3.32
3.05
3.32
3.40
3.52
3.23
3.42
2.83
2.96
3.35
3.16
3.07
2.90
3.34
3.02
3.45
3.05
3.23
3.26
3.17
3.01
2.70
2.29
3.07
3.12
2.98
2.98
2.65
2.56
3.09
3.06
3.18
3.18
3.16
3.41
3.21
2.86
3.14
2.92
2.95
2.58
3.23
3.36
3.03
3.31
3.34
2.93
3.02
3.17
3.30
3.17
3.67
3.27
2.89
2.62
2.53
3.14
2.57
2.75
3.01
3.08
3.09
3.33
2.54
2.99
2.97
2.95
3.15
2.52
2.71
2.65
2.57
3.02
2.90
3.08
3.53
2.98
2.77
3.37
3.27
3.15
3.00
3.30
3.24
2.95
3.31
3.12
3.13
3.28
2.60
3.18
2.84
2.86
3.35
3.34
3.27
3.20
3.13
2.91
3.17
2.90
3.27
2.92
3.12
3.02
3.36
3.42
3.22
3.41
3.13
3.41
2.94
3.45
3.48
2.92
3.33
2.78
3.35
2.96
3.11
3.10
3.46
3.23
2.98
3.19
3.10
3.27
3.29
2.98
2.81
2.84
2.84
3.12
3.05
3.37
3.04
3.34
3.34
3.15
3.05
3.16
2.54
2.87
3.03
2.60
3.25
3.02
3.19
3.18
2.84
2.65
2.95
2.92
3.08
2.77
2.78
2.75
3.38
2.45
2.85
2.95
2.90
2.80
2.96
3.33
2.96
2.77
2.79
2.72
3.19
3.13
3.13
2.68
2.74
3.03
3.14
3.07
2.66
2.73
3.01
2.99
3.14
3.03
3.16
2.98
3.22
3.04
2.73
2.86
3.16
3.15
2.85
2.81
3.23
3.29
2.81
3.09
3.27
2.63
3.28
3.40
3.01
2.98
2.35
1.87
2.94
3.24
3.17
2.79
3.01
2.53
2.77
2.72
2.45
2.72
3.02
2.81
2.98
3.36
2.91
2.56
2.91
3.31
3.25
3.10
2.14
2.93
2.65
2.95
3.44
3.04
2.86
2.99
3.02
2.93
2.99
3.21
2.92
2.90
3.12
2.94
2.78
2.67
3.06
2.97
3.03
3.01
3.48
3.49
3.20
2.82
3.00
3.09
2.91
3.01
3.27
3.21
3.00
3.19
3.26
3.15
2.74
3.37
3.31
2.98
2.92
3.22
3.32
3.60
3.29
3.16
3.35
3.35
3.08
3.17
3.34
3.10
3.06
3.08
3.19
3.29
3.33
2.71
3.10
3.04
2.91
3.23
2.36
2.91
2.89
3.22
3.00
3.33
3.42
3.32
3.33
3.07
3.67
2.76
2.93
3.33
3.54
3.37
3.58
3.45
3.07
2.69
2.68
3.16
3.03
3.22
3.10
2.97
3.15
3.12
3.36
2.68
3.12
3.12
2.90
3.16
3.05
3.40
3.29
3.04
2.96
3.19
3.27
3.20
3.14
3.28
3.26
3.26
3.26
3.42
2.74
2.74
2.79
2.94
3.34
3.36
3.33
3.62
3.43
2.90
3.17
3.70
3.55
2.91
3.16
3.09
3.22
2.98
2.51
3.34
3.47
2.93
3.14
3.11
3.22
3.21
3.01
3.15
3.35
3.11
3.28
2.89
3.16
3.24
3.06
2.96
3.11
3.09
3.24
3.33
2.92
3.42
3.26
3.26
3.35
3.24
3.42
3.33
3.09
3.21
3.12
2.73
2.56
2.46
2.60
2.97
3.25
2.41
2.84
2.95
2.83
3.19
2.89
2.83
3.05
2.95
2.66
3.11
2.60
2.64
2.52
2.74
2.91
2.53
2.69
3.15
2.73
3.09
2.79
2.87
2.36
3.09
2.94
2.75
2.84
3.25
2.64
3.03
3.01
2.97
3.01
2.74
2.83
2.43
2.50
3.16
3.09
2.96
3.06
3.40
3.30
3.37
3.42
3.19
2.98
2.79
2.50
2.58
3.14
3.14
2.87
3.20
3.42
3.07
2.95
3.12
3.25
2.82
2.97
3.32
3.07
2.40
2.92
2.75
2.95
2.95
2.53
2.64
2.85
2.82
2.90
2.78
3.25
2.37
3.23
3.05
2.90
3.20
3.48
3.25
3.38
3.13
3.01
3.39
3.06
3.05
3.09
2.89
3.32
3.09
3.00
3.26
3.08
3.31
3.02
3.23
3.02
3.07
2.83
2.66
3.14
3.35
3.06
3.36
3.11
3.11
3.30
3.06
3.42
3.27
3.12
2.98
2.85
3.10
3.34
3.47
3.45
3.13
3.04
3.20
2.89
3.10
2.86
3.16
2.94
3.12
3.06
2.93
2.95
3.37
3.14
3.07
2.57
2.85
3.12
2.69
3.18
3.11
2.76
2.83
3.25
2.99
3.22
2.93
3.04
2.96
3.08
2.92
2.92
2.76
2.37
2.95
3.21
2.83
2.84
2.77
2.82
3.01
3.12
3.02
3.26
3.53
3.14
2.78
2.60
3.33
2.94
3.27
2.88
3.14
2.87
2.79
2.89
3.26
2.84
2.83
2.93
3.07
2.74
2.77
2.90
2.94
3.06
3.02
3.16
2.77
1.44
2.95
3.37
3.49
2.85
3.19
3.14
2.80
2.91
2.96
3.15
2.84
2.74
2.75
3.31
3.09
2.72
2.86
3.19
3.03
3.18
3.00
2.77
2.61
2.88
3.06
2.70
2.47
3.24
3.34
3.19
3.17
2.90
3.11
3.17
2.92
2.49
3.09
3.18
3.24
3.00
2.77
2.69
2.51
2.46
2.55
2.22
3.05
3.17
3.25
3.12
2.93
3.24
3.37
3.09
3.01
3.03
3.25
3.10
3.14
2.95
3.09
3.12
3.16
3.01
2.79
2.83
2.24
3.09
2.78
3.04
3.22
2.50
2.41
2.54
2.82
2.67
2.90
2.76
2.67
2.69
3.07
3.08
2.99
2.83
3.12
3.07
2.67
2.70
2.57
2.88
2.78
3.21
2.97
2.61
2.95
2.97
3.06
3.10
2.91
2.72
2.51
2.82
2.83
2.91
3.02
2.89
2.89
2.98
2.87
2.71
2.75
2.58
3.02
2.89
2.79
2.92
3.21
2.87
2.88
2.76
2.78
2.85
3.32
3.12
2.86
3.11
3.30
3.38
3.13
3.26
3.12
3.30
3.07
3.21
3.17
3.03
3.29
3.09
3.23
3.59
2.67
3.17
3.49
2.58
3.02
3.32
3.47
3.30
3.36
3.32
3.15
3.26
3.07
3.30
3.34
2.98
2.67
3.05
3.17
3.12
2.83
2.65
2.90
2.87
2.92
3.13
2.62
2.75
2.71
2.81
2.95
3.06
3.29
3.01
2.60
2.93
2.26
2.95
2.47
2.68
3.18
2.90
3.28
2.78
2.86
3.01
3.04
3.07
3.19
3.30
3.45
3.59
3.54
2.91
3.04
3.06
2.57
3.22
3.00
2.92
2.91
3.09
2.95
2.73
2.72
2.95
2.36
2.82
3.24
2.93
3.07
3.15
3.24
2.95
2.17
3.67
2.81
3.17
3.25
3.31
2.97
1.71
2.39
3.09
2.80
2.90
2.79
2.74
2.82
2.58
2.81
2.60
2.46
2.74
3.02
2.49
2.69
3.25
3.01
3.21
2.66
2.75
3.09
2.63
3.28
2.60
2.98
2.81
2.44
2.94
3.11
2.62
2.51
2.67
2.89
2.81
3.11
2.64
3.06
2.94
2.81
2.59
2.52
2.59
2.52
2.55
2.64
2.88
2.76
2.77
3.19
3.23
2.85
3.05
2.87
2.88
3.05
3.10
2.90
2.55
2.69
2.88
3.01
2.57
2.58
2.87
3.29
3.06
2.85
2.64
2.91
3.38
3.02
2.79
2.89
3.02
3.05
2.88
2.58
3.00
2.84
3.17
3.32
3.33
2.99
2.91
3.20
3.05
2.92
2.88
2.80
2.83
3.06
3.13
2.43
2.99
2.90
2.80
2.77
2.67
2.51
2.66
2.90
2.59
3.19
3.47
3.12
2.46
2.85
2.97
2.76
3.27
3.02
3.03
2.94
2.87
2.81
2.91
2.49
2.77
3.11
2.97
2.61
2.79
2.98
3.24
2.86
2.94
3.06
3.06
2.93
3.40
2.98
3.38
3.27
3.11
2.94
3.35
3.20
3.33
3.11
3.22
3.10
2.93
3.01
3.05
2.76
2.97
3.01
3.05
2.96
2.86
2.79
2.77
3.19
2.86
2.88
2.63
2.85
2.88
2.61
2.64
3.16
2.97
2.64
2.38
2.88
2.52
2.78
2.97
2.86
3.09
2.81
3.15
3.27
2.55
2.97
3.07
3.09
3.10
3.06
2.77
2.90
2.99
2.89
2.86
2.81
2.80
2.62
3.10
3.06
3.27
3.07
2.70
2.97
2.85
2.89
2.82
3.05
2.91
2.71
3.32
2.71
2.86
3.41
3.09
2.51
2.25
2.67
3.29
2.85
3.00
3.39
2.88
2.63
3.14
2.78
3.04
2.79
3.34
3.24
2.89
2.76
3.18
3.35
2.88
2.88
3.18
3.21
3.07
2.92
3.03
3.01
2.94
2.97
3.20
3.23
2.84
3.13
3.05
2.77
2.79
2.74
2.41
3.22
2.86
2.97
3.11
3.23
3.15
2.82
2.97
3.21
2.84
2.81
2.88
2.80
2.95
2.73
3.00
2.80
3.06
3.00
3.27
2.79
2.91
3.01
2.72
3.04
2.72
2.64
2.77
2.76
2.83
3.02
3.13
3.01
3.11
2.78
3.26
2.99
2.70
2.97
3.41
3.07
2.99
3.37
3.08
2.59
2.37
2.51
2.44
2.88
2.97
2.64
2.95
2.86
3.13
2.44
3.21
2.89
3.00
2.80
2.78
3.19
3.25
2.86
3.10
2.87
2.94
2.67
3.39
2.73
3.08
2.81
3.11
2.83
2.89
3.01
3.32
2.81
2.86
3.18
2.76
2.36
2.88
2.82
2.98
2.74
2.95
2.76
3.05
3.01
3.11
2.96
3.19
3.24
3.02
3.06
3.08
2.74
3.02
3.27
3.01
3.12
3.33
2.62
3.50
2.92
2.70
2.76
2.70
2.96
2.90
3.05
3.11
3.27
3.03
3.34
2.91
3.05
2.68
3.12
3.19
3.09
2.81
2.94
3.27
3.07
2.81
2.80
2.66
3.35
3.39
3.23
3.00
3.09
3.12
2.99
3.29
2.84
3.05
3.21
3.19
3.17
3.07
2.97
3.21
3.03
2.63
3.15
3.27
3.05
3.18
3.30
3.22
3.17
3.15
3.01
2.98
3.08
2.99
3.53
3.26
3.50
3.13
2.89
3.12
2.60
2.70
3.41
3.25
2.74
2.74
2.60
2.70
2.75
2.75
2.36
2.85
2.96
2.94
2.91
2.96
2.63
3.38
2.71
2.65
2.84
2.95
2.78
2.87
2.65
3.14
3.26
2.57
2.74
2.33
2.26
2.78
2.98
2.52
2.44
2.67
3.03
3.21
2.75
2.59
2.63
2.72
2.77
2.88
2.49
2.67
3.02
2.71
2.95
3.13
3.38
2.81
3.10
2.94
2.76
2.68
2.86
2.60
2.82
2.86
2.82
2.50
3.00
3.32
2.67
3.23
2.67
3.26
2.94
2.79
2.53
2.67
3.04
3.10
2.58
2.72
1.77
2.52
2.58
2.93
3.24
2.86
2.69
3.05
2.80
2.37
2.35
2.50
2.77
2.58
2.46
2.87
2.55
2.75
2.86
2.67
2.95
3.00
2.78
2.72
2.64
2.85
2.96
3.23
2.62
2.58
2.94
2.65
2.43
2.53
2.68
2.66
2.67
2.57
2.69
2.84
2.58
2.88
2.85
2.86
2.33
2.84
2.75
2.85
2.31
2.83
2.91
2.93
2.91
2.28
2.85
2.75
2.65
2.52
2.78
2.82
3.25
2.79
2.29
2.45
2.77
2.45
2.55
2.73
2.58
2.54
2.80
2.93
2.77
2.43
2.57
2.86
3.19
3.17
3.20
2.69
3.26
3.21
3.05
3.14
2.85
3.33
2.92
2.72
2.96
3.24
2.66
2.86
3.02
2.97
2.97
3.18
3.21
2.96
3.02
2.76
2.48
3.02
2.91
2.81
2.30
2.91
3.17
3.16
3.33
2.72
3.15
2.91
2.99
3.15
3.16
2.02
1.85
1.93
3.18
2.52
2.88
2.75
2.66
2.99
3.10
2.58
3.10
2.94
3.42
3.09
2.22
3.18
2.92
3.35
2.95
3.07
3.22
3.61
3.36
3.79
3.18
3.11
3.33
3.19
2.67
3.01
3.21
2.88
2.58
2.70
2.96
2.77
3.11
3.35
2.76
3.27
2.66
2.95
2.72
2.84
2.66
2.78
3.30
2.82
2.97
3.28
3.05
3.09
3.14
2.74
2.92
3.64
2.36
2.93
3.02
3.20
2.98
3.06
2.74
2.91
3.22
3.27
2.83
2.75
3.23
3.25
3.18
3.02
2.85
2.63
3.30
2.84
2.84
2.77
2.79
3.05
3.41
1.99
2.58
2.35
2.85
2.92
3.29
2.93
3.44
3.35
2.73
2.95
3.01
3.07
2.71
3.20
3.00
2.83
3.06
3.07
3.20
3.05
3.01
3.25
2.95
3.19
3.36
3.11
3.03
3.28
3.10
2.98
3.22
3.13
3.31
3.25
3.25
3.06
3.42
3.31
2.95
2.86
3.22
2.51
3.14
3.06
3.21
3.02
3.05
3.41
3.33
3.40
3.20
3.47
3.26
3.20
2.60
3.09
3.17
3.15
3.11
2.90
3.04
3.40
2.95
3.01
3.23
2.88
3.32
2.98
2.90
2.86
2.67
3.04
3.09
3.05
3.00
3.22
3.20
3.21
3.21
3.36
3.32
3.34
3.34
3.28
3.62
3.48
3.08
3.41
2.67
3.09
3.06
3.20
3.03
3.40
2.80
3.01
3.22
3.22
2.73
2.61
2.79
3.02
3.02
2.99
3.20
2.88
3.06
3.05
3.16
3.04
2.86
3.19
3.28
3.05
2.80
2.63
1.67
3.27
3.00
3.26
3.24
3.04
3.49
2.95
3.10
3.13
2.78
3.37
3.04
3.32
3.14
3.35
3.45
3.32
3.09
3.22
3.25
3.08
3.62
3.49
3.49
3.25
3.50
3.35
3.49
3.30
3.42
3.73
3.49
3.29
2.96
3.31
3.25
3.36
3.38
3.35
3.29
2.91
3.13
3.12
3.02
3.49
3.32
3.21
3.35
3.22
3.78
2.95
3.11
3.51
3.31
3.43
3.05
3.21
2.77
3.57
3.12
3.66
3.24
3.10
2.88
3.07
3.15
2.96
2.90
3.16
3.60
3.29
2.99
3.20
2.93
3.25
3.24
3.16
3.16
3.17
3.58
3.41
3.00
3.03
2.95
3.14
2.89
3.19
2.91
2.77
2.86
3.17
2.97
2.75
3.07
3.33
2.95
3.33
3.12
3.34
3.17
2.93
3.12
2.58
3.11
3.05
3.36
2.66
3.08
3.03
2.88
3.01
2.93
2.89
2.68
2.99
2.97
2.56
2.99
2.62
2.86
2.83
2.83
2.92
3.01
3.09
2.91
3.12
3.14
3.01
3.27
2.65
2.77
2.79
2.87
2.82
2.88
3.28
3.07
2.93
2.75
2.61
2.91
3.22
2.94
2.65
2.86
2.81
2.77
2.95
3.07
2.53
2.75
2.77
2.83
2.94
2.90
2.66
2.98
2.85
2.94
3.09
3.41
2.98
2.84
2.66
3.08
2.40
2.88
3.09
2.98
2.56
2.27
2.44
2.58
2.44
2.77
2.82
2.56
2.94
2.65
2.43
2.58
2.36
2.89
2.78
3.04
2.74
2.89
3.00
3.12
2.82
3.16
3.31
2.88
2.66
3.18
2.89
2.69
2.89
2.86
2.78
2.90
3.31
2.88
2.71
3.30
3.15
3.11
2.82
2.84
3.38
2.72
2.96
3.10
2.69
2.85
3.01
2.90
3.04
3.09
2.13
3.14
3.10
2.84
3.24
3.21
3.55
3.35
3.54
3.24
3.64
3.21
3.01
3.31
3.34
3.33
3.02
3.34
2.99
3.09
2.63
3.03
2.81
3.25
2.96
2.96
2.79
2.92
3.10
2.88
3.00
2.99
3.02
3.11
3.18
3.25
3.18
2.90
3.36
3.15
2.94
3.06
3.19
3.32
3.12
2.96
3.29
3.08
3.10
3.35
3.25
3.24
3.56
3.22
3.39
3.16
2.81
2.75
3.22
3.34
3.13
2.72
3.02
2.68
2.95
3.49
3.08
3.18
3.48
3.14
3.23
3.24
2.98
3.09
2.77
3.20
2.88
2.88
2.92
3.12
2.94
2.87
3.04
2.82
2.66
2.76
2.88
3.13
2.89
2.57
2.62
3.14
3.03
3.01
3.12
2.82
2.91
2.95
2.99
2.94
2.87
2.91
3.24
2.95
3.21
2.76
3.12
2.88
2.84
2.96
3.32
3.17
2.94
2.80
2.85
2.89
3.16
3.44
3.14
2.94
2.84
2.98
3.24
3.34
3.02
2.81
2.87
3.02
3.07
2.81
2.94
2.83
2.97
2.92
2.93
3.17
2.80
2.94
2.95
3.13
2.93
2.66
3.44
2.80
2.78
2.64
2.91
3.06
2.91
2.67
2.91
2.77
3.04
2.89
3.17
2.88
2.91
2.88
3.03
2.78
2.82
2.84
3.25
2.89
2.68
3.28
3.14
3.21
2.68
2.81
3.24
3.08
2.91
2.94
2.74
3.02
3.17
3.26
3.02
2.77
2.28
2.26
3.65
2.48
2.02
3.46
3.23
2.58
3.31
2.90
3.13
2.57
2.88
2.99
2.94
2.50
3.14
2.86
2.82
2.83
2.96
3.46
3.01
2.73
3.39
3.38
3.28
3.13
2.49
2.86
2.22
3.32
2.87
2.78
3.02
2.66
3.11
2.98
3.15
3.19
2.85
3.23
3.08
3.07
2.55
3.05
3.12
3.18
3.03
3.49
3.32
3.28
2.85
3.38
2.92
3.21
3.05
3.14
3.09
2.89
3.19
2.67
3.12
3.31
2.91
2.71
2.70
2.31
2.68
3.02
2.15
2.58
2.61
2.47
2.38
2.66
3.14
2.61
2.62
2.82
2.99
3.01
2.53
2.36
2.38
2.60
2.35
3.03
3.14
2.83
3.25
2.58
3.23
2.73
2.90
2.96
3.05
3.04
2.97
2.81
2.99
3.08
3.01
2.89
2.92
2.66
2.97
2.97
3.05
2.77
2.81
2.84
2.74
3.05
2.86
3.02
3.08
3.37
2.69
3.08
3.12
2.65
2.78
3.27
3.16
3.28
2.97
2.72
2.36
2.97
3.02
2.99
3.03
2.75
2.99
3.41
3.17
3.30
3.52
3.26
3.50
3.23
2.83
3.29
3.11
3.19
2.92
3.06
2.95
3.13
2.82
2.74
2.97
2.90
3.00
2.86
2.72
3.00
3.20
2.67
2.63
2.65
2.54
2.82
2.96
3.05
3.22
3.01
2.85
3.24
3.09
2.86
2.93
3.29
3.25
2.58
3.48
2.89
2.89
2.92
3.37
2.60
3.15
3.41
3.76
3.09
3.21
3.07
3.27
3.39
2.80
3.20
2.75
3.11
3.42
3.45
3.16
2.81
2.45
2.76
3.01
2.88
2.80
2.74
2.99
3.10
2.98
2.79
3.08
3.52
3.12
2.99
3.16
3.15
2.76
3.09
3.00
2.86
3.23
3.42
3.36
2.91
2.85
3.23
3.19
2.84
3.24
3.11
3.56
3.34
3.04
3.22
2.82
3.09
3.14
3.14
2.91
3.00
3.06
3.22
3.02
3.54
2.92
3.25
3.63
3.12
3.07
3.16
3.19
3.44
3.12
3.12
3.33
2.93
2.84
3.07
2.96
3.11
2.94
3.23
2.87
3.05
3.61
3.28
2.91
2.97
3.32
2.82
2.82
3.19
3.15
3.23
3.20
3.17
3.26
2.96
3.43
3.16
3.32
3.26
3.00
3.00
3.04
3.15
2.67
2.99
2.62
2.41
2.92
2.96
3.25
3.45
3.07
2.63
2.87
3.11
3.05
3.05
2.51
3.47
3.31
3.31
3.19
3.20
3.64
3.02
3.09
3.17
3.19
3.23
3.67
3.05
3.35
2.84
2.85
3.21
2.91
3.19
3.08
2.99
2.74
2.80
2.81
3.18
3.49
3.20
3.10
2.97
3.12
3.27
2.98
2.99
3.19
3.22
3.36
3.28
3.43
3.51
3.54
3.09
3.10
3.63
3.16
3.56
3.47
3.52
3.24
3.32
3.32
3.33
3.46
3.09
2.95
3.24
3.00
3.16
3.29
3.10
3.15
3.24
2.96
3.35
3.27
3.12
3.03
2.81
2.90
2.81
2.77
3.22
2.71
3.11
3.50
2.98
3.46
3.20
3.04
3.44
2.98
3.65
3.39
3.41
3.08
2.92
3.53
3.23
3.43
3.47
3.46
3.31
3.04
3.32
2.77
3.08
3.30
3.31
3.22
3.32
3.54
3.24
3.25
3.60
2.87
3.07
3.31
3.43
3.21
3.49
3.32
2.75
3.36
3.45
3.64
3.46
3.05
3.24
3.35
2.71
2.80
2.91
2.98
3.20
2.84
3.25
3.26
3.22
2.86
3.22
3.37
3.32
3.49
3.23
3.23
3.11
3.44
2.94
3.21
3.15
3.24
3.29
3.36
2.57
3.15
2.96
3.24
3.08
3.09
2.91
2.46
2.55
2.47
2.91
2.97
3.11
3.11
3.17
2.71
3.22
3.13
2.95
3.29
2.82
3.39
2.96
3.23
2.96
3.23
3.31
3.34
3.09
3.18
3.24
3.01
3.28
3.09
3.32
2.86
3.29
3.10
3.38
3.18
3.69
3.69
3.43
3.05
3.44
3.20
3.33
3.35
3.30
3.05
3.36
3.42
3.15
3.16
3.34
3.29
3.28
3.41
3.58
3.71
3.81
3.10
3.34
3.45
2.81
3.19
3.14
3.17
3.33
3.76
3.30
3.12
3.13
3.23
2.92
2.74
3.19
2.89
2.52
2.90
3.17
2.99
3.00
2.70
2.79
2.98
2.92
2.46
2.86
2.67
2.93
2.60
2.58
2.75
2.72
2.93
3.09
2.75
2.62
3.07
2.58
2.10
2.80
3.18
2.77
2.91
3.22
2.65
2.69
3.28
2.97
2.67
2.94
3.12
3.48
3.18
2.54
2.58
2.97
2.97
3.33
3.22
3.53
3.40
2.84
2.98
2.82
3.03
3.29
3.27
3.27
3.32
3.17
3.24
2.96
3.60
3.08
3.45
3.44
2.73
3.28
3.11
3.47
3.01
2.69
3.68
2.97
2.92
3.43
3.14
2.86
2.95
2.86
3.24
3.05
3.05
3.03
3.32
1.99
3.36
2.97
3.08
2.46
3.02
3.05
2.78
3.25
2.86
3.08
3.05
2.85
3.50
3.20
3.54
2.99
3.30
3.28
3.28
3.46
3.11
2.88
3.28
3.20
3.17
3.24
3.13
3.16
3.26
3.58
3.48
3.16
3.34
3.23
3.28
3.17
3.02
3.15
3.21
3.68
3.46
3.21
3.40
3.54
3.05
3.10
3.39
2.88
3.23
3.30
3.76
3.38
3.17
3.44
3.49
3.63
3.40
3.07
3.37
3.19
3.05
3.09
3.09
2.35
3.54
3.07
3.00
3.31
3.50
3.17
3.61
3.33
3.01
3.00
3.13
3.12
3.63
3.02
3.17
3.58
3.38
3.34
2.92
3.43
2.99
3.32
3.39
2.95
3.41
3.16
2.95
3.09
3.10
3.02
2.91
3.27
3.13
3.15
2.87
3.41
3.30
3.27
3.13
3.06
3.22
3.42
3.31
3.46
3.37
3.61
3.41
3.57
3.76
3.42
3.61
3.62
3.36
3.11
3.39
3.31
3.63
3.72
3.42
3.16
3.31
2.70
3.21
3.11
3.50
3.32
3.53
3.42
3.38
3.59
3.05
3.45
3.70
3.33
3.37
3.15
2.84
3.45
3.01
3.55
3.09
2.82
2.92
3.20
3.38
3.48
3.06
3.29
3.15
2.98
3.14
3.33
3.48
3.16
3.26
3.00
3.15
3.00
2.93
3.23
3.03
3.21
3.49
3.32
3.07
3.28
3.45
3.29
3.25
3.38
3.59
3.33
3.05
2.83
3.03
3.01
3.12
3.14
3.44
3.86
2.97
2.97
3.09
2.74
3.03
3.24
3.37
3.42
3.23
3.19
3.50
3.16
3.40
3.04
3.13
3.02
3.13
2.96
3.51
3.25
3.23
3.03
2.99
3.27
2.97
3.49
3.15
3.44
3.34
3.12
3.19
3.38
3.19
3.01
3.29
3.28
3.19
3.08
2.99
2.91
3.00
2.86
2.92
3.51
3.52
3.09
3.30
3.37
3.09
2.97
2.69
3.21
3.05
3.15
3.16
3.15
3.06
3.06
3.45
3.14
2.82
3.38
2.99
3.12
3.01
3.07
3.30
3.35
3.44
3.29
3.15
2.71
2.97
2.88
3.12
3.16
2.90
3.14
3.20
2.92
3.19
3.25
3.51
3.36
3.16
3.16
3.29
3.14
3.28
3.21
3.41
3.22
3.40
2.80
3.06
2.87
3.41
2.99
3.14
3.13
3.25
3.34
3.03
3.24
3.22
3.19
3.43
3.49
3.55
3.08
3.17
3.15
3.35
3.11
3.11
3.41
3.25
3.09
3.21
3.37
3.30
3.46
3.07
2.86
3.23
3.10
3.10
3.16
2.90
3.20
3.54
3.20
2.99
2.67
3.36
3.50
2.98
2.99
3.53
3.31
3.73
3.36
3.43
3.10
3.17
2.96
2.80
2.95
3.39
3.09
3.26
3.06
3.37
3.35
3.26
3.11
3.41
3.22
2.82
2.84
3.32
3.29
2.98
3.42
3.05
3.22
2.91
2.99
3.09
3.14
3.55
3.38
3.11
3.22
3.16
2.63
2.91
3.20
3.00
2.94
2.89
2.50
2.69
2.61
2.44
2.37
2.82
2.58
2.69
2.86
2.46
2.73
2.95
2.58
2.60
2.72
2.76
2.90
2.69
2.76
2.70
2.95
3.04
3.10
2.98
3.11
2.80
3.17
3.20
2.60
2.74
2.65
3.10
2.86
2.95
3.19
2.83
3.21
3.12
3.15
3.06
2.88
2.95
2.69
2.97
2.63
3.33
2.75
3.04
3.24
3.30
3.23
3.25
3.14
2.46
2.61
3.00
3.03
2.80
2.77
2.83
2.81
2.84
3.08
2.88
2.77
2.63
3.15
3.11
2.65
2.87
3.13
2.72
3.18
3.37
3.19
2.78
3.03
3.22
2.69
2.85
3.07
2.95
3.01
3.15
2.81
3.13
2.97
3.39
3.26
3.36
2.92
2.81
3.05
2.73
2.84
3.20
3.25
2.96
3.10
2.83
3.04
3.19
3.25
2.66
2.66
3.05
3.03
3.49
3.30
2.92
3.10
3.35
3.16
3.21
3.23
3.14
3.23
3.07
2.36
3.18
2.64
3.08
3.02
3.01
2.92
3.18
3.13
2.93
3.17
3.03
3.24
2.84
3.46
3.46
3.35
2.25
3.15
3.08
3.44
3.16
2.92
3.10
2.81
2.94
2.83
3.05
2.98
3.00
2.86
2.94
3.02
3.17
2.39
3.17
2.83
2.89
2.83
3.00
3.11
2.89
2.96
2.86
3.07
3.11
3.03
2.82
2.81
2.51
3.03
3.29
2.94
3.32
2.93
3.28
3.33
3.03
2.40
2.81
3.39
3.19
3.04
2.54
2.97
2.98
3.04
3.18
3.10
2.89
3.10
3.25
2.89
3.03
2.91
3.03
2.78
3.28
2.74
3.16
2.82
2.97
3.07
3.16
3.05
3.37
3.34
3.36
2.87
2.88
3.38
2.80
3.19
3.24
3.08
2.91
3.06
3.04
2.80
3.20
3.23
2.99
2.99
2.83
2.81
2.65
2.69
2.49
3.32
3.51
2.98
3.62
3.15
3.26
3.20
2.61
1.85
3.30
2.97
3.01
3.81
3.28
2.83
2.82
2.97
3.03
3.08
2.91
2.96
3.30
3.35
2.93
2.94
2.16
2.11
3.02
2.78
2.96
3.23
3.03
3.04
2.78
3.02
3.16
2.86
3.16
3.04
2.46
2.71
3.11
3.04
3.17
3.30
2.85
3.09
3.05
2.91
3.19
2.92
2.91
3.17
2.69
3.41
3.23
3.30
3.12
3.16
2.62
2.88
3.13
3.02
2.94
2.70
2.71
2.69
2.81
3.00
3.33
3.32
3.23
3.47
2.94
2.87
3.06
3.02
3.35
3.26
2.69
3.26
3.08
3.21
3.22
2.96
3.04
3.01
2.89
2.82
3.08
3.35
2.51
3.17
3.10
3.42
3.12
3.17
3.19
3.01
3.15
2.96
2.98
2.79
2.98
2.87
2.60
3.12
3.33
3.42
2.91
3.21
3.01
2.81
3.06
2.70
2.88
2.94
2.86
3.27
3.16
2.99
3.11
3.03
3.14
3.06
2.80
2.88
2.79
3.02
3.10
3.22
2.88
3.09
2.99
2.70
2.86
3.06
2.87
3.42
3.27
3.24
3.43
3.17
3.09
3.06
2.78
2.64
3.03
2.97
2.85
3.11
3.03
2.72
3.14
3.48
3.38
3.14
2.84
2.85
3.19
3.37
2.85
2.99
3.11
3.20
3.17
2.86
2.90
3.26
2.88
3.17
2.92
3.07
3.01
3.08
2.94
2.88
3.03
3.13
3.10
3.14
3.10
3.34
2.96
2.66
2.55
3.10
2.94
2.85
2.77
2.69
1.68
3.04
3.05
3.02
3.12
2.97
3.23
2.62
2.79
3.24
3.19
3.06
3.27
3.12
3.12
3.26
2.53
3.22
2.68
3.05
2.91
3.10
3.10
3.12
2.92
3.17
3.50
3.46
3.55
3.49
3.34
3.12
3.46
2.84
2.79
3.19
2.92
2.99
3.14
3.18
3.02
2.93
3.23
3.20
3.04
3.10
3.07
3.05
3.25
3.00
2.92
2.68
2.93
2.72
2.79
3.03
2.88
3.04
2.56
2.82
3.14
2.63
2.26
3.24
2.85
3.45
2.81
3.14
3.08
3.25
3.04
2.86
3.23
2.86
2.85
3.56
3.05
2.99
2.71
2.75
3.31
3.17
3.02
3.10
3.25
2.93
3.04
2.80
2.73
3.01
2.69
2.69
2.69
2.87
2.88
2.75
2.77
3.20
3.14
3.09
3.34
3.16
3.29
2.89
3.21
3.31
3.05
3.47
3.30
3.52
2.94
3.13
2.86
2.78
3.24
2.70
3.23
2.98
2.93
3.29
3.17
2.81
3.16
2.68
3.17
3.04
3.31
2.99
2.97
2.74
2.56
2.59
3.36
2.96
2.86
2.68
2.78
2.66
2.49
2.62
3.20
3.17
2.99
2.77
3.03
2.89
2.99
3.16
3.16
2.47
2.74
2.69
2.79
2.58
3.03
3.23
2.69
2.97
2.57
2.93
2.90
2.78
3.03
2.56
2.48
2.78
2.68
2.77
2.99
2.46
2.60
2.62
2.87
2.77
2.76
2.35
2.76
2.52
2.99
3.40
3.05
3.00
3.02
3.03
2.85
2.73
3.15
2.93
2.94
2.78
2.76
2.99
3.04
3.20
2.98
2.90
3.03
2.94
2.68
2.62
3.15
2.97
3.16
2.95
3.31
3.50
3.42
2.93
2.93
2.92
3.01
3.14
3.10
3.08
3.28
3.05
3.07
3.08
3.40
3.48
3.67
3.37
2.62
2.96
3.54
3.29
3.35
3.24
2.80
2.78
2.99
3.38
3.28
3.35
3.30
3.04
3.02
3.12
3.11
3.04
3.45
3.09
2.88
3.16
3.10
3.31
2.89
3.60
2.74
3.06
2.99
3.43
3.28
3.02
3.49
3.42
2.79
3.22
2.97
2.81
3.04
3.28
3.35
3.47
2.98
3.34
2.90
3.02
3.38
2.98
3.29
3.31
3.32
3.11
3.00
3.49
3.57
3.18
2.96
2.90
3.03
2.78
3.09
3.10
3.03
3.01
3.36
3.22
3.23
2.77
2.82
2.61
3.18
3.15
2.98
3.03
3.44
3.19
2.92
3.22
3.11
3.02
3.06
2.82
2.78
2.80
2.83
2.95
2.98
2.74
2.84
3.01
2.89
2.46
2.69
2.95
3.08
3.04
3.04
2.71
2.74
2.71
2.80
2.69
2.82
2.72
2.77
2.96
2.74
2.85
3.37
3.02
3.16
2.82
2.77
2.94
3.08
2.96
2.67
2.81
3.02
2.94
3.15
2.87
2.81
2.50
2.83
3.19
2.85
2.99
2.57
2.79
2.87
2.97
3.31
2.63
2.78
3.08
2.72
3.19
3.26
2.57
2.72
2.94
2.83
2.94
3.26
2.91
2.81
2.87
2.72
2.83
2.61
2.51
2.88
2.92
2.94
2.78
3.08
2.92
3.38
3.00
3.04
3.11
2.92
2.84
2.69
2.62
2.82
2.63
3.08
2.74
2.91
2.97
3.24
2.61
2.34
2.57
2.71
3.03
3.16
3.01
3.15
2.84
2.78
3.12
2.32
2.69
3.51
2.73
3.25
3.14
3.08
3.42
3.23
3.04
1.85
2.90
2.69
2.55
3.21
2.54
2.57
1.94
2.80
2.83
3.51
3.32
3.17
3.12
3.10
3.08
3.47
3.34
3.18
3.37
3.23
2.93
3.30
2.94
3.32
3.04
3.28
3.15
3.07
3.11
3.37
2.98
2.86
2.90
3.39
3.37
3.23
3.06
2.89
2.80
3.14
3.02
2.54
3.14
2.98
3.11
2.85
2.89
3.32
3.52
2.92
3.09
2.66
2.91
3.30
3.19
2.89
2.89
3.01
2.94
3.06
2.72
3.03
2.91
3.12
2.49
3.05
2.81
2.74
2.33
2.90
3.05
2.85
3.04
2.92
2.62
2.96
3.26
3.28
3.11
3.00
3.30
3.05
3.06
2.69
2.62
2.74
3.35
3.19
3.12
2.82
2.92
3.17
3.25
2.92
3.25
3.08
2.78
2.70
2.85
2.89
2.93
2.56
2.61
2.38
2.42
2.97
2.72
2.49
3.04
2.20
2.65
2.40
2.88
2.54
3.37
2.58
3.25
2.97
2.92
2.57
2.59
2.64
2.88
3.03
3.16
3.43
3.57
3.32
3.35
3.04
2.93
3.18
3.11
3.04
3.01
3.23
3.22
2.89
3.02
3.12
2.70
2.59
3.53
2.95
3.29
3.16
3.02
2.87
3.12
3.14
3.19
3.37
2.92
2.87
2.63
2.70
2.99
2.92
2.55
2.91
2.99
3.17
2.74
2.88
3.14
3.13
3.09
3.23
3.04
2.93
3.04
2.98
3.24
3.37
3.06
3.36
3.06
3.00
3.16
2.73
2.77
2.94
3.08
3.48
3.13
3.33
3.25
3.10
3.24
3.00
2.80
2.67
3.13
2.87
3.20
3.13
3.12
3.88
3.45
3.31
3.03
2.93
3.14
2.96
2.85
3.09
3.21
3.15
3.10
3.28
3.40
3.18
3.11
2.92
3.29
3.25
3.02
2.76
3.61
3.15
2.88
2.99
3.06
2.74
2.78
3.03
3.18
3.18
3.21
3.00
2.68
3.20
3.35
2.60
3.26
3.30
3.42
3.20
3.11
2.86
3.20
2.85
3.18
3.51
2.98
3.22
3.52
3.09
2.81
3.28
2.82
3.21
3.26
3.03
3.42
3.10
3.25
2.90
3.56
3.10
3.22
3.31
3.17
3.43
3.35
3.16
3.17
3.16
3.74
3.43
3.35
3.08
3.09
2.58
2.83
3.03
3.38
3.20
3.00
3.23
3.40
3.24
3.29
3.23
3.18
3.41
3.47
3.40
3.15
3.41
3.49
3.44
3.31
3.47
3.16
3.13
3.25
2.76
2.92
3.07
2.84
3.47
2.28
3.28
3.42
3.39
3.26
3.27
2.84
3.23
3.43
3.26
3.76
3.98
3.53
3.39
3.19
2.87
3.27
3.33
3.09
3.64
3.55
3.50
3.41
2.68
3.06
3.45
3.04
3.43
3.35
3.15
3.03
2.35
3.13
3.25
3.26
3.09
2.79
2.84
3.34
3.40
3.10
3.27
2.95
3.49
3.67
3.33
3.33
3.40
3.13
3.20
3.39
3.02
3.02
2.96
3.17
3.42
3.14
3.33
3.23
3.23
3.68
2.97
2.90
3.05
3.38
2.81
3.12
3.58
2.86
3.26
3.35
3.28
3.21
2.87
3.10
2.90
2.84
3.15
3.23
3.32
2.73
3.42
2.82
3.72
3.08
3.27
3.33
2.98
3.26
2.80
3.35
2.98
3.07
3.28
3.33
3.34
3.37
3.09
2.89
3.26
2.85
3.30
3.37
3.08
2.91
3.17
3.25
3.34
2.98
2.81
2.96
2.90
3.41
3.15
2.73
3.11
3.49
3.23
3.31
3.39
3.18
2.71
3.14
3.27
3.26
2.99
3.22
3.29
3.04
3.07
2.80
3.33
2.84
2.96
3.00
3.11
3.04
3.04
3.21
3.18
3.61
3.07
3.11
3.17
3.27
3.23
2.93
2.79
3.19
3.13
3.07
3.48
3.24
3.28
3.07
3.43
3.41
3.53
3.01
3.03
2.84
3.01
2.91
3.02
3.19
2.98
3.12
3.10
3.18
3.17
3.19
2.88
3.00
3.15
3.33
3.30
3.33
3.06
3.02
3.21
3.66
3.44
3.20
2.51
3.11
2.73
2.79
2.96
2.82
3.04
2.78
3.22
2.59
2.88
2.93
2.93
2.81
2.94
3.23
2.64
2.70
2.55
2.67
2.48
2.51
2.66
2.98
2.92
2.96
2.69
3.05
2.90
3.11
3.05
3.24
3.11
2.82
3.75
3.06
2.95
3.16
2.73
2.59
2.92
2.81
2.67
2.96
3.16
2.95
2.61
3.21
2.76
2.98
2.92
3.25
2.88
2.70
3.20
2.98
2.87
3.13
3.50
2.98
3.30
3.13
3.11
3.00
2.68
2.64
3.15
3.19
2.78
3.32
3.02
3.06
2.85
2.85
3.52
2.92
2.62
2.76
3.17
3.42
2.93
3.01
2.95
3.07
2.69
3.21
2.93
2.88
2.92
2.66
2.98
2.78
3.07
2.99
2.86
3.02
2.92
3.15
3.05
2.86
2.88
2.47
3.36
2.94
2.97
2.92
3.23
3.19
3.32
3.66
3.26
2.86
2.45
2.02
2.52
3.55
2.96
3.01
2.86
3.31
3.08
3.25
3.17
3.58
3.53
2.98
3.16
3.20
3.17
3.64
2.91
3.60
3.46
2.94
3.23
3.38
3.60
3.72
3.55
3.11
3.02
3.03
3.16
2.99
2.70
2.79
3.09
2.82
3.29
3.17
3.31
3.14
3.08
3.22
2.98
2.62
2.56
2.85
2.84
2.99
2.86
3.19
3.12
2.77
2.93
3.32
3.24
2.80
3.29
2.76
3.13
2.88
3.13
3.05
3.39
3.17
2.83
3.16
3.34
2.90
2.93
2.94
2.75
3.26
2.95
2.45
3.07
2.67
2.86
3.24
3.41
3.67
3.54
2.78
3.25
3.40
3.67
3.35
3.56
3.13
2.96
3.24
2.97
3.13
3.59
3.15
3.25
3.28
3.28
2.76
2.48
2.92
2.85
3.69
3.21
3.38
3.03
3.46
2.81
2.87
2.75
2.90
3.03
2.98
3.30
3.42
2.98
2.65
2.99
3.19
3.04
2.91
3.01
2.94
2.99
3.00
3.15
3.21
2.99
2.65
2.61
3.14
3.00
2.51
3.15
3.15
2.93
2.85
3.42
2.87
2.98
3.53
3.33
3.16
3.44
3.19
2.79
3.17
2.96
2.96
3.11
3.13
3.47
3.09
3.16
3.03
3.30
3.30
3.48
3.49
3.16
3.05
3.24
3.13
2.91
3.12
2.96
2.92
3.15
3.02
3.03
3.20
3.13
3.26
3.17
3.54
3.36
3.52
3.03
3.22
2.87
3.18
3.19
2.90
3.40
3.18
3.59
3.21
3.61
3.41
3.14
2.59
2.96
3.07
2.60
2.73
2.80
2.77
3.14
2.87
2.99
3.26
3.22
3.48
3.09
3.40
3.31
3.58
3.45
3.07
3.36
3.76
3.31
3.38
2.85
3.11
2.99
3.00
3.17
2.96
3.59
2.97
3.33
3.25
2.78
3.18
2.92
2.51
3.14
3.03
2.69
3.02
3.03
3.10
3.38
2.99
3.48
3.50
3.24
2.82
3.14
3.57
2.74
2.83
2.95
2.92
2.67
3.32
3.13
3.02
2.97
3.04
2.95
2.98
3.52
3.03
3.19
3.27
3.14
3.26
3.21
3.15
3.49
2.91
2.67
2.91
3.23
3.39
3.29
2.95
3.07
3.14
2.89
2.73
3.15
3.12
3.06
3.15
3.13
3.07
3.23
3.17
2.95
2.76
3.06
3.04
2.97
3.15
3.03
3.37
3.31
3.03
3.41
3.29
3.30
2.82
2.10
3.05
3.38
3.57
3.26
3.22
4.26
3.34
3.51
2.95
3.52
3.25
3.39
3.37
3.27
3.13
3.50
3.41
3.32
3.58
3.41
3.11
3.47
3.56
3.63
3.36
2.99
3.40
3.28
3.46
3.40
3.26
3.38
3.20
2.94
3.50
3.29
3.14
2.81
2.82
2.88
3.10
3.23
3.06
2.94
2.85
2.83
3.16
2.96
2.90
2.73
3.45
3.12
3.16
2.99
3.15
3.51
3.00
3.28
3.53
3.07
2.80
2.76
3.13
3.06
3.13
2.96
3.07
3.00
3.12
3.13
3.06
2.93
3.16
2.82
3.16
2.77
2.87
3.05
2.78
3.22
2.92
3.07
2.98
2.54
3.26
3.37
3.10
2.75
3.37
3.35
2.72
2.77
3.43
3.04
3.30
3.16
3.35
2.90
3.03
3.16
2.86
3.21
3.18
2.54
3.08
3.09
2.77
3.02
2.80
3.17
2.72
2.93
3.05
3.10
3.06
3.04
3.22
3.24
2.97
3.24
2.92
3.16
3.51
3.56
2.86
2.96
2.67
3.16
3.33
1.61
3.29
2.74
3.15
2.58
3.14
2.87
2.59
2.93
2.76
3.09
3.02
3.26
2.84
2.59
3.30
3.03
2.92
3.02
3.10
3.26
3.19
3.14
2.86
3.04
3.26
3.14
2.97
2.98
3.08
3.38
3.09
3.25
2.93
2.79
3.16
3.00
3.32
3.30
3.24
3.54
3.56
3.25
3.30
3.19
3.11
3.22
3.07
3.34
3.17
3.25
3.52
3.02
2.54
2.95
2.80
2.90
3.05
2.70
3.18
3.50
3.42
3.50
3.40
3.10
3.63
3.54
2.83
3.46
3.12
3.08
3.23
3.54
3.38
2.13
2.86
3.07
3.33
3.04
2.83
3.02
3.08
3.59
2.86
3.06
2.90
2.93
3.19
2.97
3.15
2.96
2.94
3.02
3.02
3.05
2.96
3.10
3.30
3.17
3.01
3.34
2.95
3.16
3.12
3.38
3.01
3.18
3.47
3.35
3.55
2.92
3.13
3.40
3.04
3.13
2.87
3.01
3.14
2.89
2.92
3.26
3.24
3.08
3.20
2.73
2.81
3.27
3.14
3.10
3.35
3.09
2.78
3.31
2.95
3.22
2.50
3.38
2.84
2.97
2.84
2.79
3.07
3.02
2.89
2.79
2.90
3.22
3.18
2.93
2.93
3.01
3.29
2.85
3.22
2.94
3.14
3.24
2.88
3.18
3.11
2.66
2.67
3.31
3.35
3.06
3.00
3.22
3.01
3.07
3.03
3.18
2.93
2.92
2.70
3.14
2.77
2.11
2.89
3.34
3.14
3.46
3.38
2.85
3.12
3.16
2.99
3.53
3.28
3.30
3.19
2.97
3.05
3.30
3.17
3.38
3.36
3.10
2.98
3.21
3.24
3.45
3.09
2.99
3.10
3.32
3.12
2.85
2.74
2.90
2.64
2.97
2.89
2.92
3.15
3.30
3.14
2.72
2.90
2.99
2.94
3.21
3.15
3.41
2.96
2.90
3.11
2.87
2.90
3.23
3.22
3.00
2.93
2.88
2.98
3.16
3.02
3.50
3.12
2.97
2.89
2.74
2.65
2.49
3.19
3.10
2.93
2.97
3.03
3.18
3.19
3.01
3.29
3.28
2.97
3.21
3.01
2.80
2.96
2.87
2.80
3.00
3.53
2.23
3.22
2.35
3.21
3.28
3.21
3.24
3.53
3.37
3.24
3.17
3.23
3.20
2.77
3.18
3.23
3.33
3.37
3.21
3.72
3.07
3.29
2.96
3.13
3.52
3.24
3.24
3.49
3.36
3.35
3.20
3.48
3.44
3.55
3.49
3.16
3.12
3.33
3.19
3.34
3.28
2.85
2.90
3.14
3.05
3.03
3.03
3.23
3.09
3.51
3.33
3.48
3.07
3.37
3.47
3.24
3.36
3.42
3.08
3.07
3.54
3.48
3.30
3.22
3.00
2.76
2.70
2.98
3.14
3.26
3.02
2.87
3.34
2.87
3.11
2.55
2.62
1.99
2.89
2.45
2.88
2.97
3.00
3.05
2.96
3.01
2.81
2.54
2.71
3.24
3.00
2.97
2.80
3.22
2.95
2.95
2.74
2.68
2.90
3.16
2.67
2.60
2.92
2.94
2.80
2.94
2.79
3.12
2.66
2.52
2.88
2.47
2.31
3.44
3.06
3.50
3.09
3.08
3.23
3.06
2.87
2.38
2.93
2.96
2.99
3.29
3.02
2.92
3.21
2.93
3.02
2.74
2.79
3.44
3.08
3.35
3.08
3.53
2.89
3.24
2.97
3.11
2.94
3.25
3.20
2.72
3.21
2.69
2.87
2.97
3.57
3.09
3.50
3.64
3.41
2.71
3.07
3.15
2.65
2.48
2.84
3.17
3.17
2.95
2.97
2.54
3.46
3.21
2.96
3.13
2.89
3.14
3.38
2.91
3.44
3.02
3.14
3.09
3.13
2.86
3.11
2.83
2.82
3.06
3.17
3.25
3.27
2.92
3.13
2.82
2.79
2.75
3.03
3.24
3.19
2.96
3.27
3.07
3.38
3.44
3.30
3.04
3.09
3.04
3.40
2.94
3.38
3.17
3.42
2.91
3.09
3.21
2.88
2.50
2.52
2.54
2.87
2.89
2.52
2.27
2.47
2.44
2.93
3.18
3.01
3.08
3.08
2.92
3.10
2.69
2.74
3.00
3.32
3.19
3.36
3.31
2.82
2.50
3.02
2.70
2.82
2.92
3.31
3.01
3.28
2.78
2.69
2.83
2.89
2.73
3.14
2.94
2.91
2.92
3.09
2.89
2.77
3.00
2.97
3.12
3.22
2.90
2.86
3.06
2.96
3.58
3.12
2.93
2.71
2.84
3.55
2.88
2.50
3.15
2.64
2.59
2.90
3.39
3.36
2.99
3.43
2.98
3.03
2.76
3.10
2.76
2.90
2.70
2.58
2.74
3.36
2.74
3.06
2.91
3.03
2.56
2.77
3.02
3.39
3.31
2.94
3.30
2.80
3.14
3.26
3.32
3.49
3.18
2.96
3.23
3.26
3.34
3.28
3.21
3.08
3.14
3.47
3.27
3.10
3.03
3.36
2.84
3.29
3.03
2.88
3.30
3.08
2.89
3.08
3.23
2.94
2.63
3.09
3.10
2.96
3.15
3.31
3.22
3.10
3.57
3.10
3.18
3.05
3.08
3.16
3.14
2.83
3.47
2.95
3.49
3.28
2.98
3.15
2.66
2.79
3.35
2.86
2.96
2.97
2.93
2.82
3.02
2.53
2.57
2.75
2.53
2.75
2.71
3.14
2.97
3.04
3.36
3.31
3.59
3.19
3.27
3.22
3.29
3.31
3.25
3.10
3.23
3.15
3.42
3.37
3.12
3.03
3.16
3.13
2.66
3.10
3.44
3.44
3.08
2.97
3.29
2.99
2.83
3.37
3.25
3.02
3.17
2.92
3.41
3.36
3.21
2.81
3.21
2.72
3.19
3.43
3.33
3.16
3.64
3.39
3.41
2.92
3.36
2.47
3.14
3.36
3.47
3.59
3.17
3.21
3.55
3.45
3.54
3.36
3.74
3.62
3.31
3.23
3.43
3.23
3.71
3.71
3.06
3.42
3.56
3.22
3.42
3.38
3.18
3.57
3.29
3.39
3.25
3.34
3.64
2.62
3.05
3.36
3.41
2.97
2.60
2.73
2.93
3.54
3.40
2.81
3.39
3.23
3.25
3.32
3.19
3.12
3.21
2.83
3.13
3.06
3.35
3.75
3.22
3.18
3.33
2.68
3.25
2.89
3.19
3.36
3.42
3.02
2.90
2.98
3.33
2.57
2.87
3.17
3.03
2.99
3.68
3.06
2.79
3.30
3.05
3.10
3.02
2.89
3.43
2.96
3.18
2.75
3.05
3.06
3.12
2.81
2.76
3.21
2.96
2.67
3.13
2.92
1.97
2.99
3.30
2.72
2.90
3.06
3.26
2.97
2.95
3.10
3.17
2.61
3.29
3.23
2.24
3.33
3.38
3.15
2.88
3.25
3.57
2.61
3.50
2.95
3.25
3.07
3.35
3.06
3.02
3.61
3.27
3.15
3.23
3.56
3.48
3.36
3.68
3.05
2.91
3.07
2.96
3.30
3.38
3.48
3.65
3.27
3.01
3.20
2.91
3.60
3.48
2.91
3.36
3.42
2.78
3.26
2.61
2.84
2.80
3.46
2.98
3.27
3.37
3.44
2.83
3.27
2.78
2.81
2.40
3.09
2.99
3.18
3.43
3.37
3.30
3.30
3.44
