8.80
9.30
9.35
9.33
9.35
9.27
9.30
9.34
9.30
9.25
9.31
9.26
9.25
9.28
9.32
9.34
9.29
9.29
9.31
9.26
9.21
9.32
9.31
9.31
9.31
9.25
9.25
9.27
9.24
9.28
9.26
9.20
9.33
9.31
9.28
9.28
9.26
9.33
9.22
9.28
9.25
9.32
9.33
9.30
9.32
9.30
9.27
9.23
9.30
9.28
9.29
9.33
9.29
9.26
9.25
9.30
9.30
9.31
9.31
9.23
9.35
9.27
9.25
9.31
9.31
9.26
9.25
9.33
9.34
9.35
9.34
9.26
9.31
9.23
9.33
9.30
9.28
9.31
9.28
9.24
9.31
9.33
9.26
9.31
9.25
9.27
9.34
9.26
9.30
9.28
9.28
9.26
9.33
9.27
9.29
9.27
9.20
9.29
9.27
9.32
9.35
9.33
9.33
9.31
9.31
9.22
9.25
9.28
9.30
9.31
9.27
9.31
9.28
9.25
9.32
9.33
9.31
9.29
9.28
8.91
8.83
9.05
9.10
8.99
8.93
9.03
9.01
9.07
9.11
8.99
9.04
9.08
9.06
9.10
9.03
9.04
9.11
8.99
8.90
8.97
9.03
9.01
8.89
9.01
9.00
9.06
9.03
9.07
9.04
9.09
9.02
9.01
9.03
9.01
9.03
9.07
9.01
8.97
9.01
8.91
8.94
8.97
9.10
9.10
9.11
8.94
8.99
9.06
9.03
9.07
9.02
9.03
9.03
9.06
9.05
9.01
9.07
8.92
8.92
8.97
8.98
9.03
9.10
9.11
9.09
9.04
8.88
9.05
8.88
9.05
9.11
8.95
8.97
8.85
9.02
9.06
9.04
9.05
9.07
8.92
8.97
9.04
9.00
8.92
9.10
9.04
9.11
9.01
9.09
8.85
9.03
9.04
9.08
9.05
8.99
9.03
9.07
9.10
9.02
9.03
8.97
9.09
9.01
9.03
9.06
8.98
9.01
9.02
9.12
9.02
8.93
9.09
8.97
9.02
9.03
8.99
9.10
8.97
9.05
9.07
8.99
8.98
9.08
8.94
8.87
9.04
8.94
9.06
9.11
9.04
9.05
9.03
8.95
9.03
8.98
9.03
8.96
9.11
8.90
9.00
9.00
9.06
9.08
9.01
8.92
9.04
9.13
8.94
8.91
9.02
8.94
9.08
8.95
8.96
8.94
8.98
8.99
9.02
9.08
8.97
9.02
8.95
8.98
8.92
9.03
9.01
9.07
8.94
8.93
8.92
8.92
9.04
9.01
8.98
9.06
9.09
9.02
9.05
9.06
8.94
8.98
8.98
9.05
9.08
8.87
8.93
9.01
9.11
9.09
9.09
9.02
8.99
9.00
9.05
9.00
9.01
9.06
9.09
9.06
8.94
9.05
8.98
8.98
9.06
9.04
9.02
9.02
8.99
9.03
8.92
8.98
9.02
9.00
9.00
9.04
9.03
8.98
9.02
9.10
8.94
9.04
8.92
8.87
8.95
9.01
9.01
9.10
9.09
9.00
8.97
9.00
9.01
9.04
9.03
8.99
8.93
9.07
8.98
8.97
9.03
8.94
8.97
9.02
8.94
9.03
8.98
8.97
8.89
8.96
8.92
9.02
8.99
8.99
9.00
8.89
9.07
9.08
8.93
9.01
9.03
9.04
9.03
8.99
8.94
8.85
8.92
9.05
9.06
9.04
9.00
9.01
9.00
9.00
8.93
8.98
9.00
8.97
8.94
8.99
9.02
9.04
9.04
9.05
8.99
9.04
9.11
9.05
9.00
8.86
8.97
9.00
8.97
9.06
9.09
9.05
9.03
9.05
9.12
9.01
8.97
8.88
9.02
8.99
8.91
9.01
9.11
8.96
8.86
8.91
8.98
8.99
8.98
9.05
8.95
8.99
9.05
9.02
9.04
9.04
9.04
9.06
8.95
8.92
9.04
8.97
9.02
9.00
8.93
8.97
9.01
9.04
8.97
9.01
8.89
9.00
9.03
9.04
8.93
9.01
8.99
9.08
9.04
9.07
8.97
8.99
8.95
9.01
9.04
8.94
8.97
8.99
9.08
9.07
9.06
9.03
9.08
8.99
9.01
9.00
9.03
8.91
8.98
9.00
9.06
9.03
9.00
9.02
8.98
9.05
8.98
8.99
9.05
9.01
9.04
8.94
8.95
9.10
9.05
9.01
8.95
9.06
9.00
9.08
9.06
9.05
9.01
9.08
8.89
8.97
8.97
8.97
8.99
8.90
8.91
8.98
8.94
8.98
9.00
9.03
9.02
8.93
8.90
9.10
8.92
8.98
9.10
8.91
8.95
9.02
9.14
8.94
8.95
9.07
9.00
9.05
8.94
9.03
9.07
9.02
9.08
9.08
9.00
9.03
9.08
9.01
9.03
9.00
8.99
8.94
8.99
9.09
9.05
9.09
9.05
8.92
8.84
9.00
9.01
8.97
9.01
9.05
9.01
9.00
9.04
9.05
9.07
9.03
9.03
8.98
9.04
8.97
9.03
8.85
9.04
9.05
9.03
8.98
8.94
8.97
9.06
9.00
9.00
9.10
9.04
9.08
9.00
9.01
9.03
8.98
9.05
9.08
8.99
9.06
9.05
9.02
9.09
8.92
9.05
9.04
8.97
9.02
9.11
9.07
8.85
9.03
8.91
9.00
9.00
8.90
8.74
8.95
9.05
9.01
9.00
9.01
9.05
9.03
8.90
8.90
8.92
8.97
9.00
8.95
9.11
9.10
8.97
9.04
9.06
8.98
9.00
9.05
8.91
9.02
8.95
9.01
9.09
9.06
9.02
9.02
8.98
9.00
9.07
9.08
8.97
8.99
8.94
8.97
9.01
9.08
9.04
9.09
8.95
9.04
9.06
9.06
9.04
9.05
8.93
8.94
8.95
8.92
9.04
9.12
9.05
9.05
9.01
8.98
8.87
9.00
9.05
9.09
9.03
9.03
8.97
8.92
9.01
8.98
9.03
9.05
9.08
9.04
9.00
8.95
8.97
8.97
9.01
8.99
9.03
9.03
9.01
8.99
9.05
8.99
9.03
9.01
9.02
9.02
9.03
9.09
9.00
9.04
9.01
8.99
8.92
9.01
9.04
9.06
8.97
8.93
9.03
9.03
9.02
8.98
9.14
8.99
9.12
8.98
9.05
9.11
9.03
9.09
8.97
8.88
8.81
9.05
8.98
9.02
9.10
9.02
9.04
8.98
8.96
8.96
9.06
8.97
9.00
8.94
9.06
9.09
8.98
9.03
9.01
9.08
9.08
9.06
9.06
8.94
9.05
9.02
9.03
9.06
9.06
8.98
9.01
9.04
9.01
9.01
9.00
8.87
8.94
8.94
9.01
9.00
8.99
9.00
9.03
9.00
9.05
9.02
8.98
9.04
9.03
8.87
9.04
8.86
8.98
8.86
8.91
9.06
9.01
9.00
8.89
9.00
8.97
9.02
9.03
9.06
9.03
8.98
9.02
9.02
8.98
9.09
9.12
8.98
8.98
9.05
9.03
8.99
8.91
9.03
8.93
8.86
8.99
8.97
8.97
9.02
8.96
9.06
9.08
8.97
9.00
9.06
9.01
9.01
9.04
9.05
8.94
9.06
9.03
8.92
9.05
9.03
9.05
9.02
9.01
9.00
8.93
8.98
9.02
9.00
9.01
9.05
9.07
8.95
9.16
8.97
8.93
9.01
8.94
8.99
8.98
8.98
9.08
8.99
9.01
9.05
8.97
9.02
9.01
9.03
9.04
8.99
9.03
8.95
8.91
9.00
9.02
9.01
9.03
9.07
9.02
9.02
8.99
8.99
8.95
9.00
9.07
9.02
9.07
9.00
9.10
9.07
9.07
8.98
8.82
8.83
9.05
9.02
9.03
8.93
9.00
8.97
8.93
9.09
8.93
8.98
9.10
9.07
8.94
9.06
9.04
9.05
8.95
9.01
9.06
9.05
9.05
8.97
9.05
9.03
9.01
9.05
9.06
8.98
8.92
9.02
8.99
9.06
8.96
9.01
9.07
9.08
9.01
9.07
8.97
8.92
9.02
9.10
8.90
8.83
8.99
9.01
9.05
8.89
8.99
8.98
9.05
9.00
9.03
8.99
8.91
8.95
8.99
8.99
9.02
9.02
9.01
8.94
8.96
9.02
9.05
9.01
9.00
8.94
8.85
8.97
9.06
9.01
8.96
9.03
9.02
9.00
9.01
9.05
8.93
8.98
9.02
9.03
8.95
8.97
9.05
9.08
8.94
8.92
8.95
9.07
9.00
8.98
9.02
9.04
9.03
9.07
8.91
9.03
9.04
8.98
8.92
9.02
9.00
9.04
9.08
9.07
9.05
8.95
8.99
9.05
9.05
9.01
9.04
9.04
9.05
9.04
9.01
9.08
9.02
9.10
9.03
8.99
9.06
9.04
9.04
